$TITLE    Created by panin, version 1.0 (4Jan2000) on                
INPUT FILE FOR PanAir (A502-ht2)                                                
Created by PANIN                                                                
$DATACHECK
    0.0000
$SYM
    1.0000    0.0000
$MACH NUMBER
    0.5000
$CASES
    3.0000
$ANGLES OF ATTACK
    0.0000
    0.0000   -0.5730    0.5730
$YAW ANGLES
    0.0000
    0.0000    0.0000    0.0000
$REFERENCE DATA FOR 3-D FORCES AND MOMENTS
    0.5000    0.0000    0.0000    1.0000
    1.0000    2.0000    0.6670    2.0000
$PRINTOUT CONTROL
       0.0       0.0       0.0       0.0       0.0       0.0
       0.0       0.0       0.0       0.0       0.0       0.0
$EAT
  0.000000       0.0       0.0       0.0       0.0       0.0
$VELOCITY CORRECTION
    0.0000
$POINTS for network #  1   Cone                                              
       1.0
       1.0                                     0.0       0.0
      21.0      23.0                                                  Cone      
   10.0000    5.0000    5.0000   10.0000    5.0000    5.0000
   10.0000    5.0000    5.0000   10.0000    5.0000    5.0000
   10.0000    5.0000    5.0000   10.0000    5.0000    5.0000
   10.0000    5.0000    5.0000   10.0000    5.0000    5.0000
   10.0000    5.0000    5.0000   10.0000    5.0000    5.0000
   10.0000    5.0000    5.0000   10.0000    5.0000    5.0000
   10.0000    5.0000    5.0000   10.0000    5.0000    5.0000
   10.0000    5.0000    5.0000   10.0000    5.0000    5.0000
   10.0000    5.0000    5.0000   10.0000    5.0000    5.0000
   10.0000    5.0000    5.0000   10.0000    5.0000    5.0000
   10.0000    5.0000    5.0000
   10.0000    4.8636    5.0000   10.0000    4.8706    4.9569
   10.0000    4.8900    4.9195   10.0000    4.9195    4.8900
   10.0000    4.9569    4.8706   10.0000    5.0000    4.8636
   10.0000    5.0431    4.8706   10.0000    5.0805    4.8900
   10.0000    5.1100    4.9195   10.0000    5.1294    4.9569
   10.0000    5.1364    5.0000   10.0000    5.1294    5.0431
   10.0000    5.1100    5.0805   10.0000    5.0805    5.1100
   10.0000    5.0431    5.1294   10.0000    5.0000    5.1364
   10.0000    4.9569    5.1294   10.0000    4.9195    5.1100
   10.0000    4.8900    5.0805   10.0000    4.8706    5.0431
   10.0000    4.8636    5.0000
   10.0000    4.7273    5.0000   10.0000    4.7412    4.9138
   10.0000    4.7799    4.8390   10.0000    4.8390    4.7799
   10.0000    4.9138    4.7412   10.0000    5.0000    4.7273
   10.0000    5.0862    4.7412   10.0000    5.1610    4.7799
   10.0000    5.2201    4.8390   10.0000    5.2588    4.9138
   10.0000    5.2727    5.0000   10.0000    5.2588    5.0862
   10.0000    5.2201    5.1610   10.0000    5.1610    5.2201
   10.0000    5.0862    5.2588   10.0000    5.0000    5.2727
   10.0000    4.9138    5.2588   10.0000    4.8390    5.2201
   10.0000    4.7799    5.1610   10.0000    4.7412    5.0862
   10.0000    4.7273    5.0000
   10.0000    4.5909    5.0000   10.0000    4.6118    4.8708
   10.0000    4.6699    4.7585   10.0000    4.7585    4.6699
   10.0000    4.8708    4.6118   10.0000    5.0000    4.5909
   10.0000    5.1292    4.6118   10.0000    5.2415    4.6699
   10.0000    5.3301    4.7585   10.0000    5.3882    4.8708
   10.0000    5.4091    5.0000   10.0000    5.3882    5.1292
   10.0000    5.3301    5.2415   10.0000    5.2415    5.3301
   10.0000    5.1292    5.3882   10.0000    5.0000    5.4091
   10.0000    4.8708    5.3882   10.0000    4.7585    5.3301
   10.0000    4.6699    5.2415   10.0000    4.6118    5.1292
   10.0000    4.5909    5.0000
   10.0000    4.4545    5.0000   10.0000    4.4824    4.8277
   10.0000    4.5598    4.6779   10.0000    4.6779    4.5598
   10.0000    4.8277    4.4824   10.0000    5.0000    4.4545
   10.0000    5.1723    4.4824   10.0000    5.3221    4.5598
   10.0000    5.4402    4.6779   10.0000    5.5176    4.8277
   10.0000    5.5455    5.0000   10.0000    5.5176    5.1723
   10.0000    5.4402    5.3221   10.0000    5.3221    5.4402
   10.0000    5.1723    5.5176   10.0000    5.0000    5.5455
   10.0000    4.8277    5.5176   10.0000    4.6779    5.4402
   10.0000    4.5598    5.3221   10.0000    4.4824    5.1723
   10.0000    4.4545    5.0000
   10.0000    4.3182    5.0000   10.0000    4.3530    4.7846
   10.0000    4.4498    4.5974   10.0000    4.5974    4.4498
   10.0000    4.7846    4.3530   10.0000    5.0000    4.3182
   10.0000    5.2154    4.3530   10.0000    5.4026    4.4498
   10.0000    5.5502    4.5974   10.0000    5.6470    4.7846
   10.0000    5.6818    5.0000   10.0000    5.6470    5.2154
   10.0000    5.5502    5.4026   10.0000    5.4026    5.5502
   10.0000    5.2154    5.6470   10.0000    5.0000    5.6818
   10.0000    4.7846    5.6470   10.0000    4.5974    5.5502
   10.0000    4.4498    5.4026   10.0000    4.3530    5.2154
   10.0000    4.3182    5.0000
   10.0000    4.1818    5.0000   10.0000    4.2236    4.7415
   10.0000    4.3398    4.5169   10.0000    4.5169    4.3398
   10.0000    4.7415    4.2236   10.0000    5.0000    4.1818
   10.0000    5.2585    4.2236   10.0000    5.4831    4.3398
   10.0000    5.6602    4.5169   10.0000    5.7764    4.7415
   10.0000    5.8182    5.0000   10.0000    5.7764    5.2585
   10.0000    5.6602    5.4831   10.0000    5.4831    5.6602
   10.0000    5.2585    5.7764   10.0000    5.0000    5.8182
   10.0000    4.7415    5.7764   10.0000    4.5169    5.6602
   10.0000    4.3398    5.4831   10.0000    4.2236    5.2585
   10.0000    4.1818    5.0000
   10.0000    4.0455    5.0000   10.0000    4.0942    4.6984
   10.0000    4.2297    4.4364   10.0000    4.4364    4.2297
   10.0000    4.6984    4.0942   10.0000    5.0000    4.0455
   10.0000    5.3016    4.0942   10.0000    5.5636    4.2297
   10.0000    5.7703    4.4364   10.0000    5.9058    4.6984
   10.0000    5.9545    5.0000   10.0000    5.9058    5.3016
   10.0000    5.7703    5.5636   10.0000    5.5636    5.7703
   10.0000    5.3016    5.9058   10.0000    5.0000    5.9545
   10.0000    4.6984    5.9058   10.0000    4.4364    5.7703
   10.0000    4.2297    5.5636   10.0000    4.0942    5.3016
   10.0000    4.0455    5.0000
   10.0000    3.9091    5.0000   10.0000    3.9647    4.6553
   10.0000    4.1197    4.3559   10.0000    4.3559    4.1197
   10.0000    4.6553    3.9647   10.0000    5.0000    3.9091
   10.0000    5.3447    3.9647   10.0000    5.6441    4.1197
   10.0000    5.8803    4.3559   10.0000    6.0353    4.6553
   10.0000    6.0909    5.0000   10.0000    6.0353    5.3447
   10.0000    5.8803    5.6441   10.0000    5.6441    5.8803
   10.0000    5.3447    6.0353   10.0000    5.0000    6.0909
   10.0000    4.6553    6.0353   10.0000    4.3559    5.8803
   10.0000    4.1197    5.6441   10.0000    3.9647    5.3447
   10.0000    3.9091    5.0000
   10.0000    3.7727    5.0000   10.0000    3.8353    4.6123
   10.0000    4.0097    4.2754   10.0000    4.2754    4.0097
   10.0000    4.6123    3.8353   10.0000    5.0000    3.7727
   10.0000    5.3877    3.8353   10.0000    5.7246    4.0097
   10.0000    5.9903    4.2754   10.0000    6.1647    4.6123
   10.0000    6.2273    5.0000   10.0000    6.1647    5.3877
   10.0000    5.9903    5.7246   10.0000    5.7246    5.9903
   10.0000    5.3877    6.1647   10.0000    5.0000    6.2273
   10.0000    4.6123    6.1647   10.0000    4.2754    5.9903
   10.0000    4.0097    5.7246   10.0000    3.8353    5.3877
   10.0000    3.7727    5.0000
   10.0000    3.6364    5.0000   10.0000    3.7059    4.5692
   10.0000    3.8996    4.1949   10.0000    4.1949    3.8996
   10.0000    4.5692    3.7059   10.0000    5.0000    3.6364
   10.0000    5.4308    3.7059   10.0000    5.8051    3.8996
   10.0000    6.1004    4.1949   10.0000    6.2941    4.5692
   10.0000    6.3636    5.0000   10.0000    6.2941    5.4308
   10.0000    6.1004    5.8051   10.0000    5.8051    6.1004
   10.0000    5.4308    6.2941   10.0000    5.0000    6.3636
   10.0000    4.5692    6.2941   10.0000    4.1949    6.1004
   10.0000    3.8996    5.8051   10.0000    3.7059    5.4308
   10.0000    3.6364    5.0000
   10.0000    3.5000    5.0000   10.0000    3.5765    4.5261
   10.0000    3.7896    4.1144   10.0000    4.1144    3.7896
   10.0000    4.5261    3.5765   10.0000    5.0000    3.5000
   10.0000    5.4739    3.5765   10.0000    5.8856    3.7896
   10.0000    6.2104    4.1144   10.0000    6.4235    4.5261
   10.0000    6.5000    5.0000   10.0000    6.4235    5.4739
   10.0000    6.2104    5.8856   10.0000    5.8856    6.2104
   10.0000    5.4739    6.4235   10.0000    5.0000    6.5000
   10.0000    4.5261    6.4235   10.0000    4.1144    6.2104
   10.0000    3.7896    5.8856   10.0000    3.5765    5.4739
   10.0000    3.5000    5.0000
    9.5455    3.6364    5.0000    9.5455    3.7059    4.5692
    9.5455    3.8996    4.1949    9.5455    4.1949    3.8996
    9.5455    4.5692    3.7059    9.5455    5.0000    3.6364
    9.5455    5.4308    3.7059    9.5455    5.8051    3.8996
    9.5455    6.1004    4.1949    9.5455    6.2941    4.5692
    9.5455    6.3636    5.0000    9.5455    6.2941    5.4308
    9.5455    6.1004    5.8051    9.5455    5.8051    6.1004
    9.5455    5.4308    6.2941    9.5455    5.0000    6.3636
    9.5455    4.5692    6.2941    9.5455    4.1949    6.1004
    9.5455    3.8996    5.8051    9.5455    3.7059    5.4308
    9.5455    3.6364    5.0000
    9.0909    3.7727    5.0000    9.0909    3.8353    4.6123
    9.0909    4.0097    4.2754    9.0909    4.2754    4.0097
    9.0909    4.6123    3.8353    9.0909    5.0000    3.7727
    9.0909    5.3877    3.8353    9.0909    5.7246    4.0097
    9.0909    5.9903    4.2754    9.0909    6.1647    4.6123
    9.0909    6.2273    5.0000    9.0909    6.1647    5.3877
    9.0909    5.9903    5.7246    9.0909    5.7246    5.9903
    9.0909    5.3877    6.1647    9.0909    5.0000    6.2273
    9.0909    4.6123    6.1647    9.0909    4.2754    5.9903
    9.0909    4.0097    5.7246    9.0909    3.8353    5.3877
    9.0909    3.7727    5.0000
    8.6364    3.9091    5.0000    8.6364    3.9647    4.6553
    8.6364    4.1197    4.3559    8.6364    4.3559    4.1197
    8.6364    4.6553    3.9647    8.6364    5.0000    3.9091
    8.6364    5.3447    3.9647    8.6364    5.6441    4.1197
    8.6364    5.8803    4.3559    8.6364    6.0353    4.6553
    8.6364    6.0909    5.0000    8.6364    6.0353    5.3447
    8.6364    5.8803    5.6441    8.6364    5.6441    5.8803
    8.6364    5.3447    6.0353    8.6364    5.0000    6.0909
    8.6364    4.6553    6.0353    8.6364    4.3559    5.8803
    8.6364    4.1197    5.6441    8.6364    3.9647    5.3447
    8.6364    3.9091    5.0000
    8.1818    4.0455    5.0000    8.1818    4.0942    4.6984
    8.1818    4.2297    4.4364    8.1818    4.4364    4.2297
    8.1818    4.6984    4.0942    8.1818    5.0000    4.0455
    8.1818    5.3016    4.0942    8.1818    5.5636    4.2297
    8.1818    5.7703    4.4364    8.1818    5.9058    4.6984
    8.1818    5.9545    5.0000    8.1818    5.9058    5.3016
    8.1818    5.7703    5.5636    8.1818    5.5636    5.7703
    8.1818    5.3016    5.9058    8.1818    5.0000    5.9545
    8.1818    4.6984    5.9058    8.1818    4.4364    5.7703
    8.1818    4.2297    5.5636    8.1818    4.0942    5.3016
    8.1818    4.0455    5.0000
    7.7273    4.1818    5.0000    7.7273    4.2236    4.7415
    7.7273    4.3398    4.5169    7.7273    4.5169    4.3398
    7.7273    4.7415    4.2236    7.7273    5.0000    4.1818
    7.7273    5.2585    4.2236    7.7273    5.4831    4.3398
    7.7273    5.6602    4.5169    7.7273    5.7764    4.7415
    7.7273    5.8182    5.0000    7.7273    5.7764    5.2585
    7.7273    5.6602    5.4831    7.7273    5.4831    5.6602
    7.7273    5.2585    5.7764    7.7273    5.0000    5.8182
    7.7273    4.7415    5.7764    7.7273    4.5169    5.6602
    7.7273    4.3398    5.4831    7.7273    4.2236    5.2585
    7.7273    4.1818    5.0000
    7.2727    4.3182    5.0000    7.2727    4.3530    4.7846
    7.2727    4.4498    4.5974    7.2727    4.5974    4.4498
    7.2727    4.7846    4.3530    7.2727    5.0000    4.3182
    7.2727    5.2154    4.3530    7.2727    5.4026    4.4498
    7.2727    5.5502    4.5974    7.2727    5.6470    4.7846
    7.2727    5.6818    5.0000    7.2727    5.6470    5.2154
    7.2727    5.5502    5.4026    7.2727    5.4026    5.5502
    7.2727    5.2154    5.6470    7.2727    5.0000    5.6818
    7.2727    4.7846    5.6470    7.2727    4.5974    5.5502
    7.2727    4.4498    5.4026    7.2727    4.3530    5.2154
    7.2727    4.3182    5.0000
    6.8182    4.4545    5.0000    6.8182    4.4824    4.8277
    6.8182    4.5598    4.6779    6.8182    4.6779    4.5598
    6.8182    4.8277    4.4824    6.8182    5.0000    4.4545
    6.8182    5.1723    4.4824    6.8182    5.3221    4.5598
    6.8182    5.4402    4.6779    6.8182    5.5176    4.8277
    6.8182    5.5455    5.0000    6.8182    5.5176    5.1723
    6.8182    5.4402    5.3221    6.8182    5.3221    5.4402
    6.8182    5.1723    5.5176    6.8182    5.0000    5.5455
    6.8182    4.8277    5.5176    6.8182    4.6779    5.4402
    6.8182    4.5598    5.3221    6.8182    4.4824    5.1723
    6.8182    4.4545    5.0000
    6.3636    4.5909    5.0000    6.3636    4.6118    4.8708
    6.3636    4.6699    4.7585    6.3636    4.7585    4.6699
    6.3636    4.8708    4.6118    6.3636    5.0000    4.5909
    6.3636    5.1292    4.6118    6.3636    5.2415    4.6699
    6.3636    5.3301    4.7585    6.3636    5.3882    4.8708
    6.3636    5.4091    5.0000    6.3636    5.3882    5.1292
    6.3636    5.3301    5.2415    6.3636    5.2415    5.3301
    6.3636    5.1292    5.3882    6.3636    5.0000    5.4091
    6.3636    4.8708    5.3882    6.3636    4.7585    5.3301
    6.3636    4.6699    5.2415    6.3636    4.6118    5.1292
    6.3636    4.5909    5.0000
    5.9091    4.7273    5.0000    5.9091    4.7412    4.9138
    5.9091    4.7799    4.8390    5.9091    4.8390    4.7799
    5.9091    4.9138    4.7412    5.9091    5.0000    4.7273
    5.9091    5.0862    4.7412    5.9091    5.1610    4.7799
    5.9091    5.2201    4.8390    5.9091    5.2588    4.9138
    5.9091    5.2727    5.0000    5.9091    5.2588    5.0862
    5.9091    5.2201    5.1610    5.9091    5.1610    5.2201
    5.9091    5.0862    5.2588    5.9091    5.0000    5.2727
    5.9091    4.9138    5.2588    5.9091    4.8390    5.2201
    5.9091    4.7799    5.1610    5.9091    4.7412    5.0862
    5.9091    4.7273    5.0000
    5.4545    4.8636    5.0000    5.4545    4.8706    4.9569
    5.4545    4.8900    4.9195    5.4545    4.9195    4.8900
    5.4545    4.9569    4.8706    5.4545    5.0000    4.8636
    5.4545    5.0431    4.8706    5.4545    5.0805    4.8900
    5.4545    5.1100    4.9195    5.4545    5.1294    4.9569
    5.4545    5.1364    5.0000    5.4545    5.1294    5.0431
    5.4545    5.1100    5.0805    5.4545    5.0805    5.1100
    5.4545    5.0431    5.1294    5.4545    5.0000    5.1364
    5.4545    4.9569    5.1294    5.4545    4.9195    5.1100
    5.4545    4.8900    5.0805    5.4545    4.8706    5.0431
    5.4545    4.8636    5.0000
    5.0000    5.0000    5.0000    5.0000    5.0000    5.0000
    5.0000    5.0000    5.0000    5.0000    5.0000    5.0000
    5.0000    5.0000    5.0000    5.0000    5.0000    5.0000
    5.0000    5.0000    5.0000    5.0000    5.0000    5.0000
    5.0000    5.0000    5.0000    5.0000    5.0000    5.0000
    5.0000    5.0000    5.0000    5.0000    5.0000    5.0000
    5.0000    5.0000    5.0000    5.0000    5.0000    5.0000
    5.0000    5.0000    5.0000    5.0000    5.0000    5.0000
    5.0000    5.0000    5.0000    5.0000    5.0000    5.0000
    5.0000    5.0000    5.0000    5.0000    5.0000    5.0000
    5.0000    5.0000    5.0000
$TRAILING  WAKES FROM WINGS
       1.0
18.0
       1.0       1.0    12.000
$END OF INPUT DATA
