(5(1pe13.5))
*dupt
$hull and keel, type 18 wake                                             
$jan. 4, 1991                                                            
$sectional pressures
*dup
ca01a1
            x            y            z          x/c           cp
  4.90940E+01  3.49000E-01  4.67571E-02  9.99674E-01  3.94477E-01
  4.90391E+01  3.49000E-01  1.33268E-01  9.98537E-01  4.00217E-01
  4.89854E+01  3.49000E-01  1.87258E-01  9.97422E-01  3.87957E-01
  4.88503E+01  3.49000E-01  2.75248E-01  9.94621E-01  3.85599E-01
  4.84580E+01  3.49000E-01  4.76743E-01  9.86485E-01  3.62981E-01
  4.80931E+01  3.49000E-01  6.42046E-01  9.78917E-01  3.36913E-01
  4.75000E+01  3.49000E-01  8.72769E-01  9.66617E-01  3.10015E-01
  4.66796E+01  3.49000E-01  1.18421E+00  9.49603E-01  2.72394E-01
  4.61796E+01  3.49000E-01  1.36427E+00  9.39234E-01  2.50489E-01
  4.55000E+01  3.49000E-01  1.59005E+00  9.25140E-01  2.23310E-01
  4.45000E+01  3.49000E-01  1.91005E+00  9.04402E-01  1.86310E-01
  4.35000E+01  3.49000E-01  2.21405E+00  8.83663E-01  1.52351E-01
  4.25000E+01  3.49000E-01  2.50205E+00  8.62925E-01  1.20724E-01
  4.15000E+01  3.49000E-01  2.77405E+00  8.42186E-01  9.10576E-02
  4.05000E+01  3.49000E-01  3.03005E+00  8.21447E-01  6.30998E-02
  3.95000E+01  3.49000E-01  3.27005E+00  8.00709E-01  3.66451E-02
  3.85000E+01  3.49000E-01  3.49405E+00  7.79970E-01  1.16017E-02
  3.75000E+01  3.49000E-01  3.70205E+00  7.59232E-01 -1.20943E-02
  3.65000E+01  3.49000E-01  3.89405E+00  7.38493E-01 -3.45227E-02
  3.55000E+01  3.49000E-01  4.07005E+00  7.17755E-01 -5.57237E-02
  3.45000E+01  3.49000E-01  4.23005E+00  6.97016E-01 -7.56955E-02
  3.35000E+01  3.49000E-01  4.37405E+00  6.76278E-01 -9.44640E-02
  3.25000E+01  3.49000E-01  4.50205E+00  6.55539E-01 -1.12049E-01
  3.15000E+01  3.49000E-01  4.61405E+00  6.34801E-01 -1.28406E-01
  3.05000E+01  3.49000E-01  4.71005E+00  6.14062E-01 -1.43526E-01
  2.95000E+01  3.49000E-01  4.79005E+00  5.93323E-01 -1.57387E-01
  2.85000E+01  3.49000E-01  4.85405E+00  5.72585E-01 -1.69930E-01
  2.75000E+01  3.49000E-01  4.90205E+00  5.51846E-01 -1.81097E-01
  2.65000E+01  3.49000E-01  4.93405E+00  5.31108E-01 -1.90801E-01
  2.55000E+01  3.49000E-01  4.95005E+00  5.10369E-01 -1.98946E-01
  2.45000E+01  3.49000E-01  4.95005E+00  4.89631E-01 -2.05421E-01
  2.35000E+01  3.49000E-01  4.93405E+00  4.68892E-01 -2.10109E-01
  2.25000E+01  3.49000E-01  4.90205E+00  4.48154E-01 -2.12904E-01
  2.15000E+01  3.49000E-01  4.85405E+00  4.27415E-01 -2.13725E-01
  2.05000E+01  3.49000E-01  4.79005E+00  4.06677E-01 -2.12541E-01
  1.95000E+01  3.49000E-01  4.71005E+00  3.85938E-01 -2.09375E-01
  1.85000E+01  3.49000E-01  4.61405E+00  3.65199E-01 -2.04304E-01
  1.75000E+01  3.49000E-01  4.50205E+00  3.44461E-01 -1.97433E-01
  1.65000E+01  3.49000E-01  4.37405E+00  3.23722E-01 -1.88868E-01
  1.55000E+01  3.49000E-01  4.23005E+00  3.02984E-01 -1.78703E-01
  1.45000E+01  3.49000E-01  4.07005E+00  2.82245E-01 -1.66980E-01
  1.35000E+01  3.49000E-01  3.89405E+00  2.61507E-01 -1.53719E-01
  1.25000E+01  3.49000E-01  3.70205E+00  2.40768E-01 -1.38893E-01
  1.15000E+01  3.49000E-01  3.49405E+00  2.20030E-01 -1.22441E-01
  1.05000E+01  3.49000E-01  3.27005E+00  1.99291E-01 -1.04267E-01
  9.50000E+00  3.49000E-01  3.03005E+00  1.78553E-01 -8.42398E-02
  8.50000E+00  3.49000E-01  2.77405E+00  1.57814E-01 -6.22074E-02
  7.50000E+00  3.49000E-01  2.50205E+00  1.37075E-01 -3.79134E-02
  6.50000E+00  3.49000E-01  2.21405E+00  1.16337E-01 -1.10051E-02
  5.50000E+00  3.49000E-01  1.91005E+00  9.55983E-02  1.90387E-02
  4.50000E+00  3.49000E-01  1.59005E+00  7.48598E-02  5.31066E-02
  3.82040E+00  3.49000E-01  1.36427E+00  6.07658E-02  7.89034E-02
  3.32040E+00  3.49000E-01  1.18421E+00  5.03966E-02  9.92267E-02
  2.50000E+00  3.49000E-01  8.72769E-01  3.33827E-02  1.38612E-01
  1.90691E+00  3.49000E-01  6.42046E-01  2.10830E-02  1.69954E-01
  1.54197E+00  3.49000E-01  4.76743E-01  1.35145E-02  2.03733E-01
  1.14967E+00  3.49000E-01  2.75248E-01  5.37880E-03  2.46987E-01
  1.01461E+00  3.49000E-01  1.87258E-01  2.57798E-03  2.71054E-01
  9.60856E-01  3.49000E-01  1.33268E-01  1.46311E-03  2.93950E-01
  9.06009E-01  3.49000E-01  4.67571E-02  3.25662E-04  3.29818E-01
  9.06009E-01  3.49000E-01 -4.67571E-02  3.25662E-04  3.44911E-01
  9.60856E-01  3.49000E-01 -1.33268E-01  1.46311E-03  3.83631E-01
  1.01461E+00  3.49000E-01 -1.87258E-01  2.57798E-03  3.81632E-01
  1.14967E+00  3.49000E-01 -2.75248E-01  5.37880E-03  4.02472E-01
  1.54197E+00  3.49000E-01 -4.76743E-01  1.35145E-02  4.04412E-01
  1.90691E+00  3.49000E-01 -6.42046E-01  2.10830E-02  3.87314E-01
  2.50000E+00  3.49000E-01 -8.72769E-01  3.33827E-02  3.63673E-01
  3.32039E+00  3.49000E-01 -1.18421E+00  5.03965E-02  3.26580E-01
  3.82039E+00  3.49000E-01 -1.36427E+00  6.07658E-02  3.03282E-01
  4.50000E+00  3.49000E-01 -1.59005E+00  7.48598E-02  2.74662E-01
  5.50000E+00  3.49000E-01 -1.91005E+00  9.55983E-02  2.35375E-01
  6.50000E+00  3.49000E-01 -2.21405E+00  1.16337E-01  1.99174E-01
  7.50000E+00  3.49000E-01 -2.50205E+00  1.37075E-01  1.65491E-01
  8.50000E+00  3.49000E-01 -2.77405E+00  1.57814E-01  1.33998E-01
  9.50000E+00  3.49000E-01 -3.03005E+00  1.78553E-01  1.04487E-01
  1.05000E+01  3.49000E-01 -3.27005E+00  1.99291E-01  7.68052E-02
  1.15000E+01  3.49000E-01 -3.49405E+00  2.20030E-01  5.08859E-02
  1.25000E+01  3.49000E-01 -3.70205E+00  2.40768E-01  2.66819E-02
  1.35000E+01  3.49000E-01 -3.89405E+00  2.61507E-01  4.15358E-03
  1.45000E+01  3.49000E-01 -4.07005E+00  2.82245E-01 -1.67295E-02
  1.55000E+01  3.49000E-01 -4.23005E+00  3.02984E-01 -3.59908E-02
  1.65000E+01  3.49000E-01 -4.37405E+00  3.23722E-01 -5.36731E-02
  1.75000E+01  3.49000E-01 -4.50205E+00  3.44461E-01 -6.98689E-02
  1.85000E+01  3.49000E-01 -4.61405E+00  3.65199E-01 -8.46443E-02
  1.95000E+01  3.49000E-01 -4.71005E+00  3.85938E-01 -9.81177E-02
  2.05000E+01  3.49000E-01 -4.79005E+00  4.06677E-01 -1.10414E-01
  2.15000E+01  3.49000E-01 -4.85405E+00  4.27415E-01 -1.21589E-01
  2.25000E+01  3.49000E-01 -4.90205E+00  4.48154E-01 -1.31658E-01
  2.35000E+01  3.49000E-01 -4.93405E+00  4.68892E-01 -1.40589E-01
  2.45000E+01  3.49000E-01 -4.95005E+00  4.89631E-01 -1.48301E-01
  2.55000E+01  3.49000E-01 -4.95005E+00  5.10369E-01 -1.54687E-01
  2.65000E+01  3.49000E-01 -4.93405E+00  5.31108E-01 -1.59633E-01
  2.75000E+01  3.49000E-01 -4.90205E+00  5.51846E-01 -1.63035E-01
  2.85000E+01  3.49000E-01 -4.85405E+00  5.72585E-01 -1.64801E-01
  2.95000E+01  3.49000E-01 -4.79005E+00  5.93323E-01 -1.64848E-01
  3.05000E+01  3.49000E-01 -4.71005E+00  6.14062E-01 -1.63113E-01
  3.15000E+01  3.49000E-01 -4.61405E+00  6.34801E-01 -1.59549E-01
  3.25000E+01  3.49000E-01 -4.50205E+00  6.55539E-01 -1.54114E-01
  3.35000E+01  3.49000E-01 -4.37405E+00  6.76278E-01 -1.46777E-01
  3.45000E+01  3.49000E-01 -4.23005E+00  6.97016E-01 -1.37513E-01
  3.55000E+01  3.49000E-01 -4.07005E+00  7.17755E-01 -1.26295E-01
  3.65000E+01  3.49000E-01 -3.89405E+00  7.38493E-01 -1.13088E-01
  3.75000E+01  3.49000E-01 -3.70205E+00  7.59232E-01 -9.78540E-02
  3.85000E+01  3.49000E-01 -3.49405E+00  7.79970E-01 -8.05361E-02
  3.95000E+01  3.49000E-01 -3.27005E+00  8.00709E-01 -6.10387E-02
  4.05000E+01  3.49000E-01 -3.03005E+00  8.21447E-01 -3.92424E-02
  4.15000E+01  3.49000E-01 -2.77405E+00  8.42186E-01 -1.49833E-02
  4.25000E+01  3.49000E-01 -2.50205E+00  8.62925E-01  1.19897E-02
  4.35000E+01  3.49000E-01 -2.21405E+00  8.83663E-01  4.20488E-02
  4.45000E+01  3.49000E-01 -1.91005E+00  9.04402E-01  7.57890E-02
  4.55000E+01  3.49000E-01 -1.59005E+00  9.25140E-01  1.14180E-01
  4.61796E+01  3.49000E-01 -1.36427E+00  9.39234E-01  1.43289E-01
  4.66796E+01  3.49000E-01 -1.18421E+00  9.49604E-01  1.66125E-01
  4.75000E+01  3.49000E-01 -8.72769E-01  9.66617E-01  2.10744E-01
  4.80931E+01  3.49000E-01 -6.42046E-01  9.78917E-01  2.45467E-01
  4.84580E+01  3.49000E-01 -4.76743E-01  9.86485E-01  2.83722E-01
  4.88503E+01  3.49000E-01 -2.75248E-01  9.94621E-01  3.29311E-01
  4.89854E+01  3.49000E-01 -1.87258E-01  9.97422E-01  3.49925E-01
  4.90391E+01  3.49000E-01 -1.33268E-01  9.98537E-01  3.70471E-01
  4.90940E+01  3.49000E-01 -4.67571E-02  9.99674E-01  3.89051E-01
*eof
ca02a1
  4.82969E+01  6.45000E-01  8.64136E-02  9.99351E-01  3.09506E-01
  4.81642E+01  6.45000E-01  2.72609E-01  9.96507E-01  3.11988E-01
  4.80309E+01  6.45000E-01  3.91298E-01  9.93650E-01  3.07094E-01
  4.77998E+01  6.45000E-01  5.27603E-01  9.88696E-01  3.05425E-01
  4.72998E+01  6.45000E-01  7.79862E-01  9.77979E-01  2.86050E-01
  4.67645E+01  6.45000E-01  1.01595E+00  9.66507E-01  2.65768E-01
  4.62645E+01  6.45000E-01  1.21483E+00  9.55790E-01  2.46687E-01
  4.55000E+01  6.45000E-01  1.48848E+00  9.39403E-01  2.17780E-01
  4.45000E+01  6.45000E-01  1.83188E+00  9.17968E-01  1.82330E-01
  4.35000E+01  6.45000E-01  2.15811E+00  8.96534E-01  1.49448E-01
  4.28498E+01  6.45000E-01  2.36205E+00  8.82598E-01  1.28906E-01
  4.23498E+01  6.45000E-01  2.50513E+00  8.71881E-01  1.12642E-01
  4.15000E+01  6.45000E-01  2.73508E+00  8.53665E-01  8.77949E-02
  4.05000E+01  6.45000E-01  2.99108E+00  8.32231E-01  6.00813E-02
  3.95000E+01  6.45000E-01  3.23108E+00  8.10797E-01  3.38606E-02
  3.85000E+01  6.45000E-01  3.45508E+00  7.89363E-01  9.03553E-03
  3.75000E+01  6.45000E-01  3.66308E+00  7.67928E-01 -1.44596E-02
  3.65000E+01  6.45000E-01  3.85508E+00  7.46494E-01 -3.66977E-02
  3.55000E+01  6.45000E-01  4.03108E+00  7.25060E-01 -5.77187E-02
  3.45000E+01  6.45000E-01  4.19108E+00  7.03626E-01 -7.75270E-02
  3.35000E+01  6.45000E-01  4.33508E+00  6.82191E-01 -9.61476E-02
  3.25000E+01  6.45000E-01  4.46308E+00  6.60757E-01 -1.13599E-01
  3.15000E+01  6.45000E-01  4.57508E+00  6.39323E-01 -1.29848E-01
  3.05000E+01  6.45000E-01  4.67108E+00  6.17888E-01 -1.44885E-01
  2.95000E+01  6.45000E-01  4.75108E+00  5.96454E-01 -1.58689E-01
  2.85000E+01  6.45000E-01  4.81508E+00  5.75020E-01 -1.71204E-01
  2.75000E+01  6.45000E-01  4.86308E+00  5.53586E-01 -1.82372E-01
  2.65000E+01  6.45000E-01  4.89508E+00  5.32151E-01 -1.92106E-01
  2.55000E+01  6.45000E-01  4.91108E+00  5.10717E-01 -2.00301E-01
  2.45000E+01  6.45000E-01  4.91108E+00  4.89283E-01 -2.06837E-01
  2.35000E+01  6.45000E-01  4.89508E+00  4.67849E-01 -2.11577E-01
  2.25000E+01  6.45000E-01  4.86308E+00  4.46414E-01 -2.14389E-01
  2.15000E+01  6.45000E-01  4.81508E+00  4.24980E-01 -2.15173E-01
  2.05000E+01  6.45000E-01  4.75108E+00  4.03546E-01 -2.13883E-01
  1.95000E+01  6.45000E-01  4.67108E+00  3.82112E-01 -2.10548E-01
  1.85000E+01  6.45000E-01  4.57508E+00  3.60677E-01 -2.05268E-01
  1.75000E+01  6.45000E-01  4.46308E+00  3.39243E-01 -1.98177E-01
  1.65000E+01  6.45000E-01  4.33508E+00  3.17809E-01 -1.89402E-01
  1.55000E+01  6.45000E-01  4.19108E+00  2.96374E-01 -1.79050E-01
  1.45000E+01  6.45000E-01  4.03108E+00  2.74940E-01 -1.67163E-01
  1.35000E+01  6.45000E-01  3.85508E+00  2.53506E-01 -1.53756E-01
  1.25000E+01  6.45000E-01  3.66308E+00  2.32072E-01 -1.38795E-01
  1.15000E+01  6.45000E-01  3.45508E+00  2.10637E-01 -1.22209E-01
  1.05000E+01  6.45000E-01  3.23108E+00  1.89203E-01 -1.03894E-01
  9.50000E+00  6.45000E-01  2.99108E+00  1.67769E-01 -8.37124E-02
  8.50000E+00  6.45000E-01  2.73508E+00  1.46335E-01 -6.14911E-02
  7.65016E+00  6.45000E-01  2.50513E+00  1.28119E-01 -4.08395E-02
  7.15016E+00  6.45000E-01  2.36205E+00  1.17402E-01 -2.84260E-02
  6.50000E+00  6.45000E-01  2.15811E+00  1.03466E-01 -1.03955E-02
  5.50000E+00  6.45000E-01  1.83188E+00  8.20317E-02  2.00947E-02
  4.50000E+00  6.45000E-01  1.48848E+00  6.05974E-02  5.47292E-02
  3.73547E+00  6.45000E-01  1.21483E+00  4.42102E-02  8.46672E-02
  3.23547E+00  6.45000E-01  1.01595E+00  3.34930E-02  1.07439E-01
  2.70023E+00  6.45000E-01  7.79862E-01  2.20207E-02  1.34454E-01
  2.20023E+00  6.45000E-01  5.27603E-01  1.13036E-02  1.70050E-01
  1.96912E+00  6.45000E-01  3.91298E-01  6.34994E-03  1.85273E-01
  1.83582E+00  6.45000E-01  2.72609E-01  3.49260E-03  2.06762E-01
  1.70313E+00  6.45000E-01  8.64136E-02  6.48533E-04  2.50284E-01
  1.70313E+00  6.45000E-01 -8.64136E-02  6.48533E-04  2.68044E-01
  1.83582E+00  6.45000E-01 -2.72609E-01  3.49260E-03  3.03663E-01
  1.96912E+00  6.45000E-01 -3.91298E-01  6.34994E-03  3.13039E-01
  2.20023E+00  6.45000E-01 -5.27603E-01  1.13036E-02  3.23805E-01
  2.70023E+00  6.45000E-01 -7.79862E-01  2.20207E-02  3.20534E-01
  3.23547E+00  6.45000E-01 -1.01595E+00  3.34930E-02  3.06887E-01
  3.73547E+00  6.45000E-01 -1.21483E+00  4.42102E-02  2.91578E-01
  4.50000E+00  6.45000E-01 -1.48848E+00  6.05974E-02  2.63841E-01
  5.50000E+00  6.45000E-01 -1.83188E+00  8.20317E-02  2.28193E-01
  6.50000E+00  6.45000E-01 -2.15811E+00  1.03466E-01  1.94391E-01
  7.15016E+00  6.45000E-01 -2.36205E+00  1.17402E-01  1.72787E-01
  7.65016E+00  6.45000E-01 -2.50513E+00  1.28119E-01  1.54954E-01
  8.50000E+00  6.45000E-01 -2.73508E+00  1.46335E-01  1.28895E-01
  9.50000E+00  6.45000E-01 -2.99108E+00  1.67769E-01  9.99208E-02
  1.05000E+01  6.45000E-01 -3.23108E+00  1.89203E-01  7.26920E-02
  1.15000E+01  6.45000E-01 -3.45508E+00  2.10637E-01  4.71598E-02
  1.25000E+01  6.45000E-01 -3.66308E+00  2.32072E-01  2.32980E-02
  1.35000E+01  6.45000E-01 -3.85508E+00  2.53506E-01  1.08536E-03
  1.45000E+01  6.45000E-01 -4.03108E+00  2.74940E-01 -1.94926E-02
  1.55000E+01  6.45000E-01 -4.19108E+00  2.96374E-01 -3.84456E-02
  1.65000E+01  6.45000E-01 -4.33508E+00  3.17809E-01 -5.58046E-02
  1.75000E+01  6.45000E-01 -4.46308E+00  3.39243E-01 -7.16493E-02
  1.85000E+01  6.45000E-01 -4.57508E+00  3.60677E-01 -8.60573E-02
  1.95000E+01  6.45000E-01 -4.67108E+00  3.82112E-01 -9.91645E-02
  2.05000E+01  6.45000E-01 -4.75108E+00  4.03546E-01 -1.11122E-01
  2.15000E+01  6.45000E-01 -4.81508E+00  4.24980E-01 -1.22017E-01
  2.25000E+01  6.45000E-01 -4.86308E+00  4.46414E-01 -1.31884E-01
  2.35000E+01  6.45000E-01 -4.89508E+00  4.67849E-01 -1.40686E-01
  2.45000E+01  6.45000E-01 -4.91108E+00  4.89283E-01 -1.48328E-01
  2.55000E+01  6.45000E-01 -4.91108E+00  5.10717E-01 -1.54679E-01
  2.65000E+01  6.45000E-01 -4.89508E+00  5.32151E-01 -1.59607E-01
  2.75000E+01  6.45000E-01 -4.86308E+00  5.53586E-01 -1.62995E-01
  2.85000E+01  6.45000E-01 -4.81508E+00  5.75020E-01 -1.64739E-01
  2.95000E+01  6.45000E-01 -4.75108E+00  5.96454E-01 -1.64752E-01
  3.05000E+01  6.45000E-01 -4.67108E+00  6.17888E-01 -1.62968E-01
  3.15000E+01  6.45000E-01 -4.57508E+00  6.39323E-01 -1.59339E-01
  3.25000E+01  6.45000E-01 -4.46308E+00  6.60757E-01 -1.53822E-01
  3.35000E+01  6.45000E-01 -4.33508E+00  6.82191E-01 -1.46388E-01
  3.45000E+01  6.45000E-01 -4.19108E+00  7.03626E-01 -1.37012E-01
  3.55000E+01  6.45000E-01 -4.03108E+00  7.25060E-01 -1.25669E-01
  3.65000E+01  6.45000E-01 -3.85508E+00  7.46494E-01 -1.12326E-01
  3.75000E+01  6.45000E-01 -3.66308E+00  7.67928E-01 -9.69429E-02
  3.85000E+01  6.45000E-01 -3.45508E+00  7.89363E-01 -7.94606E-02
  3.95000E+01  6.45000E-01 -3.23108E+00  8.10797E-01 -5.97823E-02
  4.05000E+01  6.45000E-01 -2.99108E+00  8.32231E-01 -3.77837E-02
  4.15000E+01  6.45000E-01 -2.73508E+00  8.53665E-01 -1.32884E-02
  4.23498E+01  6.45000E-01 -2.50513E+00  8.71881E-01  9.65010E-03
  4.28498E+01  6.45000E-01 -2.36205E+00  8.82598E-01  2.31327E-02
  4.35000E+01  6.45000E-01 -2.15811E+00  8.96534E-01  4.34352E-02
  4.45000E+01  6.45000E-01 -1.83188E+00  9.17968E-01  7.78195E-02
  4.55000E+01  6.45000E-01 -1.48848E+00  9.39403E-01  1.16952E-01
  4.62645E+01  6.45000E-01 -1.21483E+00  9.55790E-01  1.50772E-01
  4.67645E+01  6.45000E-01 -1.01595E+00  9.66507E-01  1.76769E-01
  4.72998E+01  6.45000E-01 -7.79862E-01  9.77979E-01  2.06855E-01
  4.77998E+01  6.45000E-01 -5.27603E-01  9.88696E-01  2.44602E-01
  4.80309E+01  6.45000E-01 -3.91298E-01  9.93650E-01  2.58026E-01
  4.81642E+01  6.45000E-01 -2.72609E-01  9.96507E-01  2.76962E-01
  4.82969E+01  6.45000E-01 -8.64136E-02  9.99351E-01  3.03154E-01
*eof
ca03a1
  4.65191E+01  1.27100E+00  1.70282E-01  9.98490E-01  2.11874E-01
  4.62333E+01  1.27100E+00  5.37188E-01  9.91870E-01  2.10757E-01
  4.60064E+01  1.27100E+00  7.37375E-01  9.86612E-01  2.05720E-01
  4.55039E+01  1.27100E+00  1.00597E+00  9.74972E-01  1.93422E-01
  4.50039E+01  1.27100E+00  1.27258E+00  9.63389E-01  1.79297E-01
  4.45000E+01  1.27100E+00  1.46912E+00  9.51717E-01  1.65049E-01
  4.35000E+01  1.27100E+00  1.84902E+00  9.28552E-01  1.35558E-01
  4.27607E+01  1.27100E+00  2.11771E+00  9.11427E-01  1.14329E-01
  4.22607E+01  1.27100E+00  2.27978E+00  8.99844E-01  1.01018E-01
  4.15000E+01  1.27100E+00  2.49977E+00  8.82222E-01  7.99192E-02
  4.05000E+01  1.27100E+00  2.77449E+00  8.59057E-01  5.32431E-02
  3.95000E+01  1.27100E+00  3.03204E+00  8.35892E-01  2.78896E-02
  3.85000E+01  1.27100E+00  3.27242E+00  8.12727E-01  3.80875E-03
  3.75000E+01  1.27100E+00  3.49563E+00  7.89562E-01 -1.90434E-02
  3.65000E+01  1.27100E+00  3.70168E+00  7.66397E-01 -4.07311E-02
  3.55000E+01  1.27100E+00  3.89055E+00  7.43232E-01 -6.12793E-02
  3.45000E+01  1.27100E+00  4.06225E+00  7.20067E-01 -8.06832E-02
  3.35000E+01  1.27100E+00  4.21678E+00  6.96902E-01 -9.89637E-02
  3.25000E+01  1.27100E+00  4.35414E+00  6.73737E-01 -1.16138E-01
  3.15000E+01  1.27100E+00  4.47433E+00  6.50572E-01 -1.32164E-01
  3.05000E+01  1.27100E+00  4.57735E+00  6.27407E-01 -1.47025E-01
  2.95000E+01  1.27100E+00  4.66320E+00  6.04242E-01 -1.60697E-01
  2.86539E+01  1.27100E+00  4.72264E+00  5.84642E-01 -1.71297E-01
  2.81539E+01  1.27100E+00  4.75205E+00  5.73059E-01 -1.77988E-01
  2.75000E+01  1.27100E+00  4.78067E+00  5.57912E-01 -1.85070E-01
  2.65000E+01  1.27100E+00  4.81267E+00  5.34747E-01 -1.94864E-01
  2.55000E+01  1.27100E+00  4.82867E+00  5.11582E-01 -2.03167E-01
  2.45000E+01  1.27100E+00  4.82867E+00  4.88418E-01 -2.09831E-01
  2.35000E+01  1.27100E+00  4.81267E+00  4.65253E-01 -2.14680E-01
  2.25000E+01  1.27100E+00  4.78067E+00  4.42088E-01 -2.17532E-01
  2.18461E+01  1.27100E+00  4.75205E+00  4.26941E-01 -2.18380E-01
  2.13461E+01  1.27100E+00  4.72264E+00  4.15358E-01 -2.16710E-01
  2.05000E+01  1.27100E+00  4.66320E+00  3.95758E-01 -2.15476E-01
  1.95000E+01  1.27100E+00  4.57735E+00  3.72593E-01 -2.12078E-01
  1.85000E+01  1.27100E+00  4.47433E+00  3.49428E-01 -2.06679E-01
  1.75000E+01  1.27100E+00  4.35414E+00  3.26263E-01 -1.99407E-01
  1.65000E+01  1.27100E+00  4.21678E+00  3.03098E-01 -1.90407E-01
  1.55000E+01  1.27100E+00  4.06225E+00  2.79933E-01 -1.79806E-01
  1.45000E+01  1.27100E+00  3.89055E+00  2.56768E-01 -1.67660E-01
  1.35000E+01  1.27100E+00  3.70168E+00  2.33603E-01 -1.53987E-01
  1.25000E+01  1.27100E+00  3.49563E+00  2.10438E-01 -1.38743E-01
  1.15000E+01  1.27100E+00  3.27242E+00  1.87273E-01 -1.21845E-01
  1.05000E+01  1.27100E+00  3.03204E+00  1.64108E-01 -1.03169E-01
  9.50000E+00  1.27100E+00  2.77449E+00  1.40943E-01 -8.25553E-02
  8.50000E+00  1.27100E+00  2.49977E+00  1.17778E-01 -5.98166E-02
  7.73929E+00  1.27100E+00  2.27978E+00  1.00156E-01 -4.09490E-02
  7.23929E+00  1.27100E+00  2.11771E+00  8.85734E-02 -2.77781E-02
  6.50000E+00  1.27100E+00  1.84902E+00  7.14478E-02 -5.96074E-03
  5.50000E+00  1.27100E+00  1.46912E+00  4.82828E-02  2.72627E-02
  4.99614E+00  1.27100E+00  1.27258E+00  3.66108E-02  4.55687E-02
  4.49614E+00  1.27100E+00  1.00597E+00  2.50284E-02  6.89845E-02
  3.99364E+00  1.27100E+00  7.37375E-01  1.33880E-02  9.48990E-02
  3.76666E+00  1.27100E+00  5.37188E-01  8.13000E-03  1.13177E-01
  3.48087E+00  1.27100E+00  1.70282E-01  1.50963E-03  1.54361E-01
  3.48087E+00  1.27100E+00 -1.70282E-01  1.50963E-03  1.77133E-01
  3.76666E+00  1.27100E+00 -5.37188E-01  8.13000E-03  2.04529E-01
  3.99364E+00  1.27100E+00 -7.37375E-01  1.33880E-02  2.10080E-01
  4.49614E+00  1.27100E+00 -1.00597E+00  2.50284E-02  2.10383E-01
  4.99614E+00  1.27100E+00 -1.27258E+00  3.66108E-02  2.04255E-01
  5.50000E+00  1.27100E+00 -1.46912E+00  4.82828E-02  1.94431E-01
  6.50000E+00  1.27100E+00 -1.84902E+00  7.14478E-02  1.69458E-01
  7.23929E+00  1.27100E+00 -2.11771E+00  8.85734E-02  1.49984E-01
  7.73929E+00  1.27100E+00 -2.27978E+00  1.00156E-01  1.37175E-01
  8.50000E+00  1.27100E+00 -2.49977E+00  1.17778E-01  1.16158E-01
  9.50000E+00  1.27100E+00 -2.77449E+00  1.40943E-01  8.92629E-02
  1.05000E+01  1.27100E+00 -3.03204E+00  1.64108E-01  6.36695E-02
  1.15000E+01  1.27100E+00 -3.27242E+00  1.87273E-01  3.94587E-02
  1.25000E+01  1.27100E+00 -3.49563E+00  2.10438E-01  1.66918E-02
  1.35000E+01  1.27100E+00 -3.70168E+00  2.33603E-01 -4.58365E-03
  1.45000E+01  1.27100E+00 -3.89055E+00  2.56768E-01 -2.43405E-02
  1.55000E+01  1.27100E+00 -4.06225E+00  2.79933E-01 -4.25579E-02
  1.65000E+01  1.27100E+00 -4.21678E+00  3.03098E-01 -5.92368E-02
  1.75000E+01  1.27100E+00 -4.35414E+00  3.26263E-01 -7.44622E-02
  1.85000E+01  1.27100E+00 -4.47433E+00  3.49428E-01 -8.83318E-02
  1.95000E+01  1.27100E+00 -4.57735E+00  3.72593E-01 -1.01012E-01
  2.05000E+01  1.27100E+00 -4.66320E+00  3.95758E-01 -1.12653E-01
  2.13461E+01  1.27100E+00 -4.72264E+00  4.15358E-01 -1.21941E-01
  2.18461E+01  1.27100E+00 -4.75205E+00  4.26941E-01 -1.26339E-01
  2.25000E+01  1.27100E+00 -4.78067E+00  4.42088E-01 -1.32362E-01
  2.35000E+01  1.27100E+00 -4.81267E+00  4.65253E-01 -1.40892E-01
  2.45000E+01  1.27100E+00 -4.82867E+00  4.88418E-01 -1.48383E-01
  2.55000E+01  1.27100E+00 -4.82867E+00  5.11582E-01 -1.54661E-01
  2.65000E+01  1.27100E+00 -4.81267E+00  5.34747E-01 -1.59554E-01
  2.75000E+01  1.27100E+00 -4.78067E+00  5.57912E-01 -1.62909E-01
  2.81539E+01  1.27100E+00 -4.75205E+00  5.73059E-01 -1.64319E-01
  2.86539E+01  1.27100E+00 -4.72264E+00  5.84642E-01 -1.65354E-01
  2.95000E+01  1.27100E+00 -4.66320E+00  6.04242E-01 -1.65159E-01
  3.05000E+01  1.27100E+00 -4.57735E+00  6.27407E-01 -1.63275E-01
  3.15000E+01  1.27100E+00 -4.47433E+00  6.50572E-01 -1.59521E-01
  3.25000E+01  1.27100E+00 -4.35414E+00  6.73737E-01 -1.53851E-01
  3.35000E+01  1.27100E+00 -4.21678E+00  6.96902E-01 -1.46221E-01
  3.45000E+01  1.27100E+00 -4.06225E+00  7.20067E-01 -1.36599E-01
  3.55000E+01  1.27100E+00 -3.89055E+00  7.43232E-01 -1.24954E-01
  3.65000E+01  1.27100E+00 -3.70168E+00  7.66397E-01 -1.11253E-01
  3.75000E+01  1.27100E+00 -3.49563E+00  7.89562E-01 -9.54471E-02
  3.85000E+01  1.27100E+00 -3.27242E+00  8.12727E-01 -7.74677E-02
  3.95000E+01  1.27100E+00 -3.03204E+00  8.35892E-01 -5.72113E-02
  4.05000E+01  1.27100E+00 -2.77449E+00  8.59057E-01 -3.45448E-02
  4.15000E+01  1.27100E+00 -2.49977E+00  8.82222E-01 -9.28965E-03
  4.22607E+01  1.27100E+00 -2.27978E+00  8.99844E-01  1.18153E-02
  4.27607E+01  1.27100E+00 -2.11771E+00  9.11427E-01  2.70914E-02
  4.35000E+01  1.27100E+00 -1.84902E+00  9.28552E-01  5.17194E-02
  4.45000E+01  1.27100E+00 -1.46912E+00  9.51717E-01  8.89694E-02
  4.50039E+01  1.27100E+00 -1.27258E+00  9.63389E-01  1.09326E-01
  4.55039E+01  1.27100E+00 -1.00597E+00  9.74972E-01  1.34616E-01
  4.60064E+01  1.27100E+00 -7.37375E-01  9.86612E-01  1.60862E-01
  4.62333E+01  1.27100E+00 -5.37188E-01  9.91870E-01  1.77350E-01
  4.65191E+01  1.27100E+00 -1.70282E-01  9.98490E-01  2.04900E-01
*eof
ca04a1
  4.46014E+01  1.89100E+00  2.53346E-01  9.97288E-01  1.33843E-01
  4.42473E+01  1.89100E+00  7.06561E-01  9.88303E-01  1.29577E-01
  4.38792E+01  1.89100E+00  9.99099E-01  9.78964E-01  1.21819E-01
  4.33792E+01  1.89100E+00  1.27455E+00  9.66279E-01  1.10811E-01
  4.25245E+01  1.89100E+00  1.67417E+00  9.44596E-01  8.99583E-02
  4.20245E+01  1.89100E+00  1.89957E+00  9.31911E-01  7.82236E-02
  4.15000E+01  1.89100E+00  2.07311E+00  9.18605E-01  6.55065E-02
  4.05000E+01  1.89100E+00  2.39303E+00  8.93235E-01  4.09618E-02
  3.95000E+01  1.89100E+00  2.69295E+00  8.67865E-01  1.73637E-02
  3.85000E+01  1.89100E+00  2.97288E+00  8.42495E-01 -5.24749E-03
  3.76650E+01  1.89100E+00  3.19158E+00  8.21311E-01 -2.34929E-02
  3.71650E+01  1.89100E+00  3.31072E+00  8.08626E-01 -3.32792E-02
  3.65000E+01  1.89100E+00  3.44486E+00  7.91755E-01 -4.70634E-02
  3.55000E+01  1.89100E+00  3.63373E+00  7.66385E-01 -6.71029E-02
  3.45000E+01  1.89100E+00  3.80544E+00  7.41015E-01 -8.60362E-02
  3.35000E+01  1.89100E+00  3.95997E+00  7.15645E-01 -1.03891E-01
  3.25000E+01  1.89100E+00  4.09733E+00  6.90275E-01 -1.20696E-01
  3.15000E+01  1.89100E+00  4.21752E+00  6.64905E-01 -1.36426E-01
  3.05000E+01  1.89100E+00  4.32054E+00  6.39535E-01 -1.51079E-01
  2.95000E+01  1.89100E+00  4.40639E+00  6.14165E-01 -1.64641E-01
  2.85000E+01  1.89100E+00  4.47507E+00  5.88795E-01 -1.77058E-01
  2.75000E+01  1.89100E+00  4.52658E+00  5.63425E-01 -1.88265E-01
  2.65000E+01  1.89100E+00  4.56092E+00  5.38055E-01 -1.98170E-01
  2.55000E+01  1.89100E+00  4.57809E+00  5.12685E-01 -2.06652E-01
  2.45000E+01  1.89100E+00  4.57809E+00  4.87315E-01 -2.13542E-01
  2.35000E+01  1.89100E+00  4.56092E+00  4.61945E-01 -2.18618E-01
  2.25000E+01  1.89100E+00  4.52658E+00  4.36575E-01 -2.21630E-01
  2.15000E+01  1.89100E+00  4.47507E+00  4.11205E-01 -2.22342E-01
  2.05000E+01  1.89100E+00  4.40639E+00  3.85835E-01 -2.20617E-01
  1.95000E+01  1.89100E+00  4.32054E+00  3.60465E-01 -2.16493E-01
  1.85000E+01  1.89100E+00  4.21752E+00  3.35095E-01 -2.10189E-01
  1.75000E+01  1.89100E+00  4.09733E+00  3.09725E-01 -2.01999E-01
  1.65000E+01  1.89100E+00  3.95997E+00  2.84355E-01 -1.92177E-01
  1.55000E+01  1.89100E+00  3.80544E+00  2.58985E-01 -1.80885E-01
  1.45000E+01  1.89100E+00  3.63373E+00  2.33615E-01 -1.68165E-01
  1.35000E+01  1.89100E+00  3.44486E+00  2.08245E-01 -1.53998E-01
  1.28350E+01  1.89100E+00  3.31072E+00  1.91374E-01 -1.43756E-01
  1.23350E+01  1.89100E+00  3.19158E+00  1.78689E-01 -1.35900E-01
  1.15000E+01  1.89100E+00  2.97288E+00  1.57505E-01 -1.21071E-01
  1.05000E+01  1.89100E+00  2.69295E+00  1.32135E-01 -1.01417E-01
  9.50000E+00  1.89100E+00  2.39303E+00  1.06765E-01 -7.95725E-02
  8.50000E+00  1.89100E+00  2.07311E+00  8.13953E-02 -5.52491E-02
  7.97550E+00  1.89100E+00  1.89957E+00  6.80887E-02 -4.14409E-02
  7.47550E+00  1.89100E+00  1.67417E+00  5.54037E-02 -2.61925E-02
  6.62084E+00  1.89100E+00  1.27455E+00  3.37212E-02  3.32438E-03
  6.12084E+00  1.89100E+00  9.99099E-01  2.10362E-02  2.36037E-02
  5.75274E+00  1.89100E+00  7.06561E-01  1.16973E-02  4.47369E-02
  5.39857E+00  1.89100E+00  2.53346E-01  2.71214E-03  7.95848E-02
  5.39857E+00  1.89100E+00 -2.53346E-01  2.71211E-03  1.01894E-01
  5.75274E+00  1.89100E+00 -7.06561E-01  1.16973E-02  1.20822E-01
  6.12084E+00  1.89100E+00 -9.99099E-01  2.10362E-02  1.24642E-01
  6.62084E+00  1.89100E+00 -1.27455E+00  3.37212E-02  1.21934E-01
  7.47550E+00  1.89100E+00 -1.67417E+00  5.54037E-02  1.09901E-01
  7.97550E+00  1.89100E+00 -1.89957E+00  6.80887E-02  1.01589E-01
  8.50000E+00  1.89100E+00 -2.07311E+00  8.13953E-02  9.10026E-02
  9.50000E+00  1.89100E+00 -2.39303E+00  1.06765E-01  6.88659E-02
  1.05000E+01  1.89100E+00 -2.69295E+00  1.32135E-01  4.70088E-02
  1.15000E+01  1.89100E+00 -2.97288E+00  1.57505E-01  2.57940E-02
  1.23350E+01  1.89100E+00 -3.19158E+00  1.78689E-01  8.56058E-03
  1.28350E+01  1.89100E+00 -3.31072E+00  1.91374E-01 -1.08416E-03
  1.35000E+01  1.89100E+00 -3.44486E+00  2.08245E-01 -1.42180E-02
  1.45000E+01  1.89100E+00 -3.63373E+00  2.33615E-01 -3.30889E-02
  1.55000E+01  1.89100E+00 -3.80544E+00  2.58985E-01 -5.03911E-02
  1.65000E+01  1.89100E+00 -3.95997E+00  2.84355E-01 -6.60615E-02
  1.75000E+01  1.89100E+00 -4.09733E+00  3.09725E-01 -8.01325E-02
  1.85000E+01  1.89100E+00 -4.21752E+00  3.35095E-01 -9.26962E-02
  1.95000E+01  1.89100E+00 -4.32054E+00  3.60465E-01 -1.03996E-01
  2.05000E+01  1.89100E+00 -4.40639E+00  3.85835E-01 -1.14348E-01
  2.15000E+01  1.89100E+00 -4.47507E+00  4.11205E-01 -1.23990E-01
  2.25000E+01  1.89100E+00 -4.52658E+00  4.36575E-01 -1.33027E-01
  2.35000E+01  1.89100E+00 -4.56092E+00  4.61945E-01 -1.41372E-01
  2.45000E+01  1.89100E+00 -4.57809E+00  4.87315E-01 -1.48812E-01
  2.55000E+01  1.89100E+00 -4.57809E+00  5.12685E-01 -1.55107E-01
  2.65000E+01  1.89100E+00 -4.56092E+00  5.38055E-01 -1.60032E-01
  2.75000E+01  1.89100E+00 -4.52658E+00  5.63425E-01 -1.63399E-01
  2.85000E+01  1.89100E+00 -4.47507E+00  5.88795E-01 -1.65072E-01
  2.95000E+01  1.89100E+00 -4.40639E+00  6.14165E-01 -1.64946E-01
  3.05000E+01  1.89100E+00 -4.32054E+00  6.39535E-01 -1.62935E-01
  3.15000E+01  1.89100E+00 -4.21752E+00  6.64905E-01 -1.58981E-01
  3.25000E+01  1.89100E+00 -4.09733E+00  6.90275E-01 -1.53038E-01
  3.35000E+01  1.89100E+00 -3.95997E+00  7.15645E-01 -1.45073E-01
  3.45000E+01  1.89100E+00 -3.80544E+00  7.41015E-01 -1.35065E-01
  3.55000E+01  1.89100E+00 -3.63373E+00  7.66385E-01 -1.22993E-01
  3.65000E+01  1.89100E+00 -3.44486E+00  7.91755E-01 -1.08832E-01
  3.71650E+01  1.89100E+00 -3.31072E+00  8.08626E-01 -9.82633E-02
  3.76650E+01  1.89100E+00 -3.19158E+00  8.21311E-01 -8.96157E-02
  3.85000E+01  1.89100E+00 -2.97288E+00  8.42495E-01 -7.34994E-02
  3.95000E+01  1.89100E+00 -2.69295E+00  8.67865E-01 -5.18461E-02
  4.05000E+01  1.89100E+00 -2.39303E+00  8.93235E-01 -2.75448E-02
  4.15000E+01  1.89100E+00 -2.07311E+00  9.18605E-01 -3.47617E-04
  4.20245E+01  1.89100E+00 -1.89957E+00  9.31911E-01  1.51128E-02
  4.25245E+01  1.89100E+00 -1.67417E+00  9.44596E-01  3.25096E-02
  4.33792E+01  1.89100E+00 -1.27455E+00  9.66279E-01  6.41153E-02
  4.38792E+01  1.89100E+00 -9.99099E-01  9.78964E-01  8.56832E-02
  4.42473E+01  1.89100E+00 -7.06561E-01  9.88303E-01  1.04136E-01
  4.46014E+01  1.89100E+00 -2.53346E-01  9.97288E-01  1.28259E-01
*eof
ca05a1
  4.24994E+01  2.50400E+00  3.35473E-01  9.95533E-01  6.44784E-02
  4.21708E+01  2.50400E+00  7.94873E-01  9.86229E-01  5.92983E-02
  4.16148E+01  2.50400E+00  1.18224E+00  9.70485E-01  4.82471E-02
  4.11148E+01  2.50400E+00  1.49506E+00  9.56326E-01  3.78945E-02
  4.05000E+01  2.50400E+00  1.74638E+00  9.38916E-01  2.48562E-02
  3.95000E+01  2.50400E+00  2.13725E+00  9.10599E-01  3.37194E-03
  3.87472E+01  2.50400E+00  2.41508E+00  8.89283E-01 -1.26618E-02
  3.82472E+01  2.50400E+00  2.57074E+00  8.75124E-01 -2.19054E-02
  3.75000E+01  2.50400E+00  2.76245E+00  8.53964E-01 -3.71129E-02
  3.65000E+01  2.50400E+00  3.00239E+00  8.25647E-01 -5.68703E-02
  3.55000E+01  2.50400E+00  3.22233E+00  7.97330E-01 -7.57133E-02
  3.45000E+01  2.50400E+00  3.42228E+00  7.69013E-01 -9.36231E-02
  3.35000E+01  2.50400E+00  3.60224E+00  7.40696E-01 -1.10622E-01
  3.25000E+01  2.50400E+00  3.76220E+00  7.12379E-01 -1.26738E-01
  3.15000E+01  2.50400E+00  3.90216E+00  6.84061E-01 -1.41946E-01
  3.05000E+01  2.50400E+00  4.02213E+00  6.55744E-01 -1.56233E-01
  2.95000E+01  2.50400E+00  4.12211E+00  6.27427E-01 -1.69564E-01
  2.85000E+01  2.50400E+00  4.20209E+00  5.99110E-01 -1.81865E-01
  2.75000E+01  2.50400E+00  4.26207E+00  5.70793E-01 -1.93061E-01
  2.65000E+01  2.50400E+00  4.30206E+00  5.42476E-01 -2.03046E-01
  2.55000E+01  2.50400E+00  4.32206E+00  5.14159E-01 -2.11672E-01
  2.45000E+01  2.50400E+00  4.32206E+00  4.85841E-01 -2.18732E-01
  2.35000E+01  2.50400E+00  4.30206E+00  4.57524E-01 -2.23965E-01
  2.25000E+01  2.50400E+00  4.26207E+00  4.29207E-01 -2.27094E-01
  2.15000E+01  2.50400E+00  4.20209E+00  4.00890E-01 -2.27871E-01
  2.05000E+01  2.50400E+00  4.12211E+00  3.72573E-01 -2.26060E-01
  1.95000E+01  2.50400E+00  4.02213E+00  3.44256E-01 -2.21541E-01
  1.85000E+01  2.50400E+00  3.90216E+00  3.15939E-01 -2.14507E-01
  1.75000E+01  2.50400E+00  3.76220E+00  2.87621E-01 -2.05355E-01
  1.65000E+01  2.50400E+00  3.60224E+00  2.59304E-01 -1.94492E-01
  1.55000E+01  2.50400E+00  3.42228E+00  2.30987E-01 -1.82191E-01
  1.45000E+01  2.50400E+00  3.22233E+00  2.02670E-01 -1.68509E-01
  1.35000E+01  2.50400E+00  3.00239E+00  1.74353E-01 -1.53383E-01
  1.25000E+01  2.50400E+00  2.76245E+00  1.46036E-01 -1.36667E-01
  1.17528E+01  2.50400E+00  2.57074E+00  1.24876E-01 -1.22992E-01
  1.12528E+01  2.50400E+00  2.41508E+00  1.10717E-01 -1.13300E-01
  1.05000E+01  2.50400E+00  2.13725E+00  8.94013E-02 -9.64996E-02
  9.50000E+00  2.50400E+00  1.74638E+00  6.10841E-02 -7.14790E-02
  8.88517E+00  2.50400E+00  1.49506E+00  4.36739E-02 -5.43829E-02
  8.38517E+00  2.50400E+00  1.18224E+00  2.95154E-02 -3.69408E-02
  7.82916E+00  2.50400E+00  7.94873E-01  1.37708E-02 -1.29586E-02
  7.50059E+00  2.50400E+00  3.35473E-01  4.46660E-03  1.35472E-02
  7.50059E+00  2.50400E+00 -3.35472E-01  4.46660E-03  3.39187E-02
  7.82916E+00  2.50400E+00 -7.94872E-01  1.37708E-02  4.70839E-02
  8.38517E+00  2.50400E+00 -1.18224E+00  2.95154E-02  4.82446E-02
  8.88517E+00  2.50400E+00 -1.49506E+00  4.36739E-02  4.52264E-02
  9.50000E+00  2.50400E+00 -1.74638E+00  6.10841E-02  3.70534E-02
  1.05000E+01  2.50400E+00 -2.13725E+00  8.94013E-02  2.15109E-02
  1.12528E+01  2.50400E+00 -2.41508E+00  1.10717E-01  9.01870E-03
  1.17528E+01  2.50400E+00 -2.57074E+00  1.24876E-01  1.06846E-03
  1.25000E+01  2.50400E+00 -2.76245E+00  1.46036E-01 -1.25394E-02
  1.35000E+01  2.50400E+00 -3.00239E+00  1.74353E-01 -3.02668E-02
  1.45000E+01  2.50400E+00 -3.22233E+00  2.02670E-01 -4.68359E-02
  1.55000E+01  2.50400E+00 -3.42228E+00  2.30987E-01 -6.20235E-02
  1.65000E+01  2.50400E+00 -3.60224E+00  2.59304E-01 -7.56534E-02
  1.75000E+01  2.50400E+00 -3.76220E+00  2.87621E-01 -8.77071E-02
  1.85000E+01  2.50400E+00 -3.90216E+00  3.15939E-01 -9.83409E-02
  1.95000E+01  2.50400E+00 -4.02213E+00  3.44256E-01 -1.07968E-01
  2.05000E+01  2.50400E+00 -4.12211E+00  3.72573E-01 -1.17064E-01
  2.15000E+01  2.50400E+00 -4.20209E+00  4.00890E-01 -1.25914E-01
  2.25000E+01  2.50400E+00 -4.26207E+00  4.29207E-01 -1.34473E-01
  2.35000E+01  2.50400E+00 -4.30206E+00  4.57524E-01 -1.42490E-01
  2.45000E+01  2.50400E+00 -4.32206E+00  4.85841E-01 -1.49709E-01
  2.55000E+01  2.50400E+00 -4.32206E+00  5.14159E-01 -1.55860E-01
  2.65000E+01  2.50400E+00 -4.30206E+00  5.42476E-01 -1.60678E-01
  2.75000E+01  2.50400E+00 -4.26207E+00  5.70793E-01 -1.63940E-01
  2.85000E+01  2.50400E+00 -4.20209E+00  5.99110E-01 -1.65473E-01
  2.95000E+01  2.50400E+00 -4.12211E+00  6.27427E-01 -1.65145E-01
  3.05000E+01  2.50400E+00 -4.02213E+00  6.55744E-01 -1.62854E-01
  3.15000E+01  2.50400E+00 -3.90216E+00  6.84061E-01 -1.58512E-01
  3.25000E+01  2.50400E+00 -3.76220E+00  7.12379E-01 -1.52048E-01
  3.35000E+01  2.50400E+00 -3.60224E+00  7.40696E-01 -1.43407E-01
  3.45000E+01  2.50400E+00 -3.42228E+00  7.69013E-01 -1.32563E-01
  3.55000E+01  2.50400E+00 -3.22233E+00  7.97330E-01 -1.19496E-01
  3.65000E+01  2.50400E+00 -3.00239E+00  8.25647E-01 -1.04173E-01
  3.75000E+01  2.50400E+00 -2.76245E+00  8.53964E-01 -8.65403E-02
  3.82472E+01  2.50400E+00 -2.57074E+00  8.75124E-01 -7.17630E-02
  3.87472E+01  2.50400E+00 -2.41508E+00  8.89283E-01 -6.04299E-02
  3.95000E+01  2.50400E+00 -2.13725E+00  9.10599E-01 -4.20295E-02
  4.05000E+01  2.50400E+00 -1.74638E+00  9.38916E-01 -1.48288E-02
  4.11148E+01  2.50400E+00 -1.49506E+00  9.56326E-01  3.57428E-03
  4.16148E+01  2.50400E+00 -1.18224E+00  9.70485E-01  2.18438E-02
  4.21708E+01  2.50400E+00 -7.94872E-01  9.86229E-01  4.34341E-02
  4.24994E+01  2.50400E+00 -3.35472E-01  9.95533E-01  6.13087E-02
*eof
ca06a1
  4.01875E+01  3.10700E+00  3.53204E-01  9.93902E-01  3.89949E-04
  3.99642E+01  3.10700E+00  7.69463E-01  9.86641E-01 -1.98168E-03
  3.94642E+01  3.10700E+00  1.11154E+00  9.70381E-01 -1.25831E-02
  3.86397E+01  3.10700E+00  1.59219E+00  9.43567E-01 -2.85796E-02
  3.81397E+01  3.10700E+00  1.84297E+00  9.27307E-01 -3.78103E-02
  3.75000E+01  3.10700E+00  2.05497E+00  9.06504E-01 -4.95596E-02
  3.65000E+01  3.10700E+00  2.36767E+00  8.73984E-01 -6.78722E-02
  3.55000E+01  3.10700E+00  2.65430E+00  8.41463E-01 -8.55092E-02
  3.45000E+01  3.10700E+00  2.91488E+00  8.08943E-01 -1.02424E-01
  3.38457E+01  3.10700E+00  3.07283E+00  7.87666E-01 -1.13450E-01
  3.33457E+01  3.10700E+00  3.16576E+00  7.71406E-01 -1.19955E-01
  3.25000E+01  3.10700E+00  3.29950E+00  7.43902E-01 -1.32922E-01
  3.15000E+01  3.10700E+00  3.43947E+00  7.11382E-01 -1.47614E-01
  3.05000E+01  3.10700E+00  3.55944E+00  6.78862E-01 -1.61569E-01
  2.95000E+01  3.10700E+00  3.65941E+00  6.46341E-01 -1.74784E-01
  2.85000E+01  3.10700E+00  3.73939E+00  6.13821E-01 -1.87197E-01
  2.75000E+01  3.10700E+00  3.79938E+00  5.81301E-01 -1.98754E-01
  2.65000E+01  3.10700E+00  3.83937E+00  5.48780E-01 -2.09389E-01
  2.55000E+01  3.10700E+00  3.85936E+00  5.16260E-01 -2.18988E-01
  2.45000E+01  3.10700E+00  3.85936E+00  4.83740E-01 -2.27324E-01
  2.35000E+01  3.10700E+00  3.83937E+00  4.51220E-01 -2.33968E-01
  2.25000E+01  3.10700E+00  3.79938E+00  4.18699E-01 -2.38260E-01
  2.15000E+01  3.10700E+00  3.73939E+00  3.86179E-01 -2.39371E-01
  2.05000E+01  3.10700E+00  3.65941E+00  3.53659E-01 -2.36635E-01
  1.95000E+01  3.10700E+00  3.55944E+00  3.21138E-01 -2.30070E-01
  1.85000E+01  3.10700E+00  3.43947E+00  2.88618E-01 -2.20527E-01
  1.75000E+01  3.10700E+00  3.29950E+00  2.56098E-01 -2.09088E-01
  1.66543E+01  3.10700E+00  3.16576E+00  2.28594E-01 -1.98347E-01
  1.61543E+01  3.10700E+00  3.07283E+00  2.12334E-01 -1.91892E-01
  1.55000E+01  3.10700E+00  2.91488E+00  1.91057E-01 -1.82971E-01
  1.45000E+01  3.10700E+00  2.65430E+00  1.58537E-01 -1.67422E-01
  1.35000E+01  3.10700E+00  2.36767E+00  1.26016E-01 -1.50349E-01
  1.25000E+01  3.10700E+00  2.05497E+00  9.34959E-02 -1.31444E-01
  1.18603E+01  3.10700E+00  1.84297E+00  7.26930E-02 -1.18139E-01
  1.13603E+01  3.10700E+00  1.59219E+00  5.64329E-02 -1.06240E-01
  1.05358E+01  3.10700E+00  1.11154E+00  2.96189E-02 -8.13967E-02
  1.00358E+01  3.10700E+00  7.69463E-01  1.33588E-02 -6.16647E-02
  9.81250E+00  3.10700E+00  3.53204E-01  6.09756E-03 -4.51693E-02
  9.81250E+00  3.10700E+00 -3.53204E-01  6.09756E-03 -3.15935E-02
  1.00358E+01  3.10700E+00 -7.69463E-01  1.33588E-02 -2.04366E-02
  1.05358E+01  3.10700E+00 -1.11154E+00  2.96189E-02 -2.03969E-02
  1.13603E+01  3.10700E+00 -1.59219E+00  5.64329E-02 -2.50722E-02
  1.18603E+01  3.10700E+00 -1.84297E+00  7.26930E-02 -2.99841E-02
  1.25000E+01  3.10700E+00 -2.05497E+00  9.34959E-02 -3.83654E-02
  1.35000E+01  3.10700E+00 -2.36767E+00  1.26016E-01 -5.20659E-02
  1.45000E+01  3.10700E+00 -2.65430E+00  1.58537E-01 -6.51659E-02
  1.55000E+01  3.10700E+00 -2.91488E+00  1.91057E-01 -7.71709E-02
  1.61543E+01  3.10700E+00 -3.07283E+00  2.12334E-01 -8.48079E-02
  1.66543E+01  3.10700E+00 -3.16576E+00  2.28594E-01 -8.92417E-02
  1.75000E+01  3.10700E+00 -3.29950E+00  2.56098E-01 -9.72885E-02
  1.85000E+01  3.10700E+00 -3.43947E+00  2.88618E-01 -1.05103E-01
  1.95000E+01  3.10700E+00 -3.55944E+00  3.21138E-01 -1.11343E-01
  2.05000E+01  3.10700E+00 -3.65941E+00  3.53659E-01 -1.17085E-01
  2.15000E+01  3.10700E+00 -3.73939E+00  3.86179E-01 -1.23407E-01
  2.25000E+01  3.10700E+00 -3.79938E+00  4.18699E-01 -1.30699E-01
  2.35000E+01  3.10700E+00 -3.83937E+00  4.51220E-01 -1.38546E-01
  2.45000E+01  3.10700E+00 -3.85936E+00  4.83740E-01 -1.46211E-01
  2.55000E+01  3.10700E+00 -3.85936E+00  5.16260E-01 -1.52995E-01
  2.65000E+01  3.10700E+00 -3.83937E+00  5.48780E-01 -1.58382E-01
  2.75000E+01  3.10700E+00 -3.79938E+00  5.81301E-01 -1.62051E-01
  2.85000E+01  3.10700E+00 -3.73939E+00  6.13821E-01 -1.63811E-01
  2.95000E+01  3.10700E+00 -3.65941E+00  6.46341E-01 -1.63542E-01
  3.05000E+01  3.10700E+00 -3.55944E+00  6.78862E-01 -1.61138E-01
  3.15000E+01  3.10700E+00 -3.43947E+00  7.11382E-01 -1.56506E-01
  3.25000E+01  3.10700E+00 -3.29950E+00  7.43902E-01 -1.49584E-01
  3.33457E+01  3.10700E+00 -3.16576E+00  7.71406E-01 -1.41895E-01
  3.38457E+01  3.10700E+00 -3.07283E+00  7.87666E-01 -1.36377E-01
  3.45000E+01  3.10700E+00 -2.91488E+00  8.08943E-01 -1.28152E-01
  3.55000E+01  3.10700E+00 -2.65430E+00  8.41463E-01 -1.13403E-01
  3.65000E+01  3.10700E+00 -2.36767E+00  8.73984E-01 -9.61380E-02
  3.75000E+01  3.10700E+00 -2.05497E+00  9.06504E-01 -7.63067E-02
  3.81397E+01  3.10700E+00 -1.84297E+00  9.27307E-01 -6.21511E-02
  3.86397E+01  3.10700E+00 -1.59219E+00  9.43567E-01 -4.85280E-02
  3.94642E+01  3.10700E+00 -1.11154E+00  9.70381E-01 -2.51556E-02
  3.99642E+01  3.10700E+00 -7.69463E-01  9.86641E-01 -9.81919E-03
  4.01875E+01  3.10700E+00 -3.53204E-01  9.93902E-01  1.71383E-03
*eof
ca07a1
  3.74290E+01  3.69700E+00  4.95304E-01  9.87219E-01 -6.05524E-02
  3.70515E+01  3.69700E+00  1.01727E+00  9.72421E-01 -6.85825E-02
  3.65000E+01  3.69700E+00  1.28229E+00  9.50804E-01 -7.75891E-02
  3.55000E+01  3.69700E+00  1.73826E+00  9.11603E-01 -9.44024E-02
  3.47733E+01  3.69700E+00  2.04518E+00  8.83115E-01 -1.06557E-01
  3.42733E+01  3.69700E+00  2.20211E+00  8.63515E-01 -1.13745E-01
  3.35000E+01  3.69700E+00  2.38050E+00  8.33203E-01 -1.25166E-01
  3.25000E+01  3.69700E+00  2.58897E+00  7.94002E-01 -1.39621E-01
  3.15000E+01  3.69700E+00  2.77137E+00  7.54802E-01 -1.53615E-01
  3.05000E+01  3.69700E+00  2.92772E+00  7.15602E-01 -1.67241E-01
  2.95000E+01  3.69700E+00  3.05801E+00  6.76401E-01 -1.80456E-01
  2.85000E+01  3.69700E+00  3.16224E+00  6.37201E-01 -1.93109E-01
  2.75000E+01  3.69700E+00  3.24042E+00  5.98001E-01 -2.05140E-01
  2.65000E+01  3.69700E+00  3.29253E+00  5.58800E-01 -2.16559E-01
  2.55000E+01  3.69700E+00  3.31859E+00  5.19600E-01 -2.27336E-01
  2.45000E+01  3.69700E+00  3.31859E+00  4.80400E-01 -2.37278E-01
  2.35000E+01  3.69700E+00  3.29253E+00  4.41200E-01 -2.45913E-01
  2.25000E+01  3.69700E+00  3.24042E+00  4.01999E-01 -2.52310E-01
  2.15000E+01  3.69700E+00  3.16224E+00  3.62799E-01 -2.55027E-01
  2.05000E+01  3.69700E+00  3.05801E+00  3.23599E-01 -2.51977E-01
  1.95000E+01  3.69700E+00  2.92772E+00  2.84398E-01 -2.42348E-01
  1.85000E+01  3.69700E+00  2.77137E+00  2.45198E-01 -2.28306E-01
  1.75000E+01  3.69700E+00  2.58897E+00  2.05998E-01 -2.12603E-01
  1.65000E+01  3.69700E+00  2.38050E+00  1.66797E-01 -1.96599E-01
  1.57267E+01  3.69700E+00  2.20211E+00  1.36485E-01 -1.83848E-01
  1.52267E+01  3.69700E+00  2.04518E+00  1.16885E-01 -1.76110E-01
  1.45000E+01  3.69700E+00  1.73826E+00  8.83967E-02 -1.61313E-01
  1.35000E+01  3.69700E+00  1.28229E+00  4.91964E-02 -1.39100E-01
  1.29485E+01  3.69700E+00  1.01727E+00  2.75790E-02 -1.25568E-01
  1.25710E+01  3.69700E+00  4.95304E-01  1.27809E-02 -1.07052E-01
  1.25710E+01  3.69700E+00 -4.95304E-01  1.27808E-02 -8.98357E-02
  1.29485E+01  3.69700E+00 -1.01727E+00  2.75789E-02 -8.25162E-02
  1.35000E+01  3.69700E+00 -1.28229E+00  4.91964E-02 -8.53333E-02
  1.45000E+01  3.69700E+00 -1.73826E+00  8.83967E-02 -9.18765E-02
  1.52267E+01  3.69700E+00 -2.04518E+00  1.16885E-01 -9.65711E-02
  1.57267E+01  3.69700E+00 -2.20211E+00  1.36485E-01 -1.00760E-01
  1.65000E+01  3.69700E+00 -2.38050E+00  1.66797E-01 -1.06751E-01
  1.75000E+01  3.69700E+00 -2.58897E+00  2.05998E-01 -1.12496E-01
  1.85000E+01  3.69700E+00 -2.77137E+00  2.45198E-01 -1.14944E-01
  1.95000E+01  3.69700E+00 -2.92772E+00  2.84398E-01 -1.14892E-01
  2.05000E+01  3.69700E+00 -3.05801E+00  3.23599E-01 -1.15104E-01
  2.15000E+01  3.69700E+00 -3.16224E+00  3.62799E-01 -1.18462E-01
  2.25000E+01  3.69700E+00 -3.24042E+00  4.01999E-01 -1.25111E-01
  2.35000E+01  3.69700E+00 -3.29253E+00  4.41200E-01 -1.33320E-01
  2.45000E+01  3.69700E+00 -3.31859E+00  4.80400E-01 -1.41764E-01
  2.55000E+01  3.69700E+00 -3.31859E+00  5.19600E-01 -1.49337E-01
  2.65000E+01  3.69700E+00 -3.29253E+00  5.58800E-01 -1.55317E-01
  2.75000E+01  3.69700E+00 -3.24042E+00  5.98001E-01 -1.59311E-01
  2.85000E+01  3.69700E+00 -3.16224E+00  6.37201E-01 -1.61142E-01
  2.95000E+01  3.69700E+00 -3.05801E+00  6.76401E-01 -1.60732E-01
  3.05000E+01  3.69700E+00 -2.92772E+00  7.15602E-01 -1.57955E-01
  3.15000E+01  3.69700E+00 -2.77137E+00  7.54802E-01 -1.52612E-01
  3.25000E+01  3.69700E+00 -2.58897E+00  7.94002E-01 -1.44562E-01
  3.35000E+01  3.69700E+00 -2.38050E+00  8.33203E-01 -1.33820E-01
  3.42733E+01  3.69700E+00 -2.20211E+00  8.63515E-01 -1.23665E-01
  3.47733E+01  3.69700E+00 -2.04518E+00  8.83115E-01 -1.14828E-01
  3.55000E+01  3.69700E+00 -1.73826E+00  9.11603E-01 -1.02157E-01
  3.65000E+01  3.69700E+00 -1.28229E+00  9.50804E-01 -8.20960E-02
  3.70515E+01  3.69700E+00 -1.01727E+00  9.72421E-01 -6.96953E-02
  3.74290E+01  3.69700E+00 -4.95304E-01  9.87219E-01 -5.80700E-02
*eof
ca08a1
  3.42566E+01  4.27400E+00  2.96236E-01  9.86515E-01 -1.15487E-01
  3.37325E+01  4.27400E+00  8.68844E-01  9.58968E-01 -1.23216E-01
  3.32325E+01  4.27400E+00  1.22712E+00  9.32688E-01 -1.32607E-01
  3.25000E+01  4.27400E+00  1.46447E+00  8.94191E-01 -1.42248E-01
  3.15000E+01  4.27400E+00  1.75464E+00  8.41632E-01 -1.55720E-01
  3.05000E+01  4.27400E+00  2.00335E+00  7.89073E-01 -1.69571E-01
  2.95000E+01  4.27400E+00  2.21062E+00  7.36515E-01 -1.83664E-01
  2.85000E+01  4.27400E+00  2.37643E+00  6.83956E-01 -1.97232E-01
  2.79101E+01  4.27400E+00  2.45828E+00  6.52952E-01 -2.04448E-01
  2.74101E+01  4.27400E+00  2.49431E+00  6.26673E-01 -2.11696E-01
  2.65000E+01  4.27400E+00  2.54057E+00  5.78838E-01 -2.23518E-01
  2.55000E+01  4.27400E+00  2.56663E+00  5.26279E-01 -2.36700E-01
  2.45000E+01  4.27400E+00  2.56663E+00  4.73721E-01 -2.50200E-01
  2.35000E+01  4.27400E+00  2.54057E+00  4.21162E-01 -2.63506E-01
  2.25899E+01  4.27400E+00  2.49431E+00  3.73327E-01 -2.74189E-01
  2.20899E+01  4.27400E+00  2.45828E+00  3.47048E-01 -2.82624E-01
  2.15000E+01  4.27400E+00  2.37643E+00  3.16044E-01 -2.78926E-01
  2.05000E+01  4.27400E+00  2.21062E+00  2.63485E-01 -2.80517E-01
  1.95000E+01  4.27400E+00  2.00335E+00  2.10927E-01 -2.63023E-01
  1.85000E+01  4.27400E+00  1.75464E+00  1.58368E-01 -2.35653E-01
  1.75000E+01  4.27400E+00  1.46447E+00  1.05809E-01 -2.09691E-01
  1.67675E+01  4.27400E+00  1.22712E+00  6.73118E-02 -1.92665E-01
  1.62675E+01  4.27400E+00  8.68844E-01  4.10324E-02 -1.76603E-01
  1.57434E+01  4.27400E+00  2.96236E-01  1.34855E-02 -1.59170E-01
  1.57434E+01  4.27400E+00 -2.96236E-01  1.34855E-02 -1.51827E-01
  1.62675E+01  4.27400E+00 -8.68843E-01  4.10324E-02 -1.43795E-01
  1.67675E+01  4.27400E+00 -1.22712E+00  6.73118E-02 -1.39849E-01
  1.75000E+01  4.27400E+00 -1.46447E+00  1.05809E-01 -1.38947E-01
  1.85000E+01  4.27400E+00 -1.75464E+00  1.58368E-01 -1.31862E-01
  1.95000E+01  4.27400E+00 -2.00336E+00  2.10927E-01 -1.17357E-01
  2.05000E+01  4.27400E+00 -2.21062E+00  2.63485E-01 -1.02056E-01
  2.15000E+01  4.27400E+00 -2.37643E+00  3.16044E-01 -1.01066E-01
  2.20899E+01  4.27400E+00 -2.45828E+00  3.47048E-01 -9.85446E-02
  2.25899E+01  4.27400E+00 -2.49431E+00  3.73327E-01 -1.07838E-01
  2.35000E+01  4.27400E+00 -2.54057E+00  4.21162E-01 -1.17635E-01
  2.45000E+01  4.27400E+00 -2.56663E+00  4.73721E-01 -1.29377E-01
  2.55000E+01  4.27400E+00 -2.56663E+00  5.26279E-01 -1.39813E-01
  2.65000E+01  4.27400E+00 -2.54057E+00  5.78838E-01 -1.47860E-01
  2.74101E+01  4.27400E+00 -2.49431E+00  6.26673E-01 -1.52887E-01
  2.79101E+01  4.27400E+00 -2.45828E+00  6.52952E-01 -1.54154E-01
  2.85000E+01  4.27400E+00 -2.37643E+00  6.83956E-01 -1.54331E-01
  2.95000E+01  4.27400E+00 -2.21062E+00  7.36515E-01 -1.54163E-01
  3.05000E+01  4.27400E+00 -2.00336E+00  7.89073E-01 -1.51567E-01
  3.15000E+01  4.27400E+00 -1.75464E+00  8.41632E-01 -1.45612E-01
  3.25000E+01  4.27400E+00 -1.46447E+00  8.94191E-01 -1.35901E-01
  3.32325E+01  4.27400E+00 -1.22712E+00  9.32688E-01 -1.26515E-01
  3.37325E+01  4.27400E+00 -8.68843E-01  9.58968E-01 -1.18939E-01
  3.42566E+01  4.27400E+00 -2.96236E-01  9.86515E-01 -1.07942E-01
*eof
ca09a1
  2.92708E+01  4.83300E+00  1.48118E-01  9.25669E-01 -1.81262E-01
  2.85000E+01  4.83300E+00  5.08915E-01  8.48586E-01 -1.96364E-01
  2.75000E+01  4.83300E+00  8.73510E-01  7.48586E-01 -2.12316E-01
  2.65000E+01  4.83300E+00  1.11658E+00  6.48586E-01 -2.28296E-01
  2.55000E+01  4.83300E+00  1.23811E+00  5.48586E-01 -2.46137E-01
  2.45000E+01  4.83300E+00  1.23811E+00  4.48586E-01 -2.67932E-01
  2.35000E+01  4.83300E+00  1.11658E+00  3.48586E-01 -2.97657E-01
  2.25000E+01  4.83300E+00  8.73510E-01  2.48586E-01 -3.45274E-01
  2.15000E+01  4.83300E+00  5.08915E-01  1.48586E-01 -4.36743E-01
  2.07292E+01  4.83300E+00  1.48118E-01  7.15024E-02 -4.84697E-01
  2.07292E+01  4.83300E+00 -1.48117E-01  7.15024E-02  6.97810E-02
  2.15000E+01  4.83300E+00 -5.08917E-01  1.48586E-01  5.93286E-02
  2.25000E+01  4.83300E+00 -8.73514E-01  2.48586E-01 -2.31485E-02
  2.35000E+01  4.83300E+00 -1.11658E+00  3.48586E-01 -7.02393E-02
  2.45000E+01  4.83300E+00 -1.23811E+00  4.48586E-01 -9.93116E-02
  2.55000E+01  4.83300E+00 -1.23811E+00  5.48586E-01 -1.18347E-01
  2.65000E+01  4.83300E+00 -1.11658E+00  6.48586E-01 -1.30616E-01
  2.75000E+01  4.83300E+00 -8.73514E-01  7.48586E-01 -1.37819E-01
  2.85000E+01  4.83300E+00 -5.08917E-01  8.48586E-01 -1.41639E-01
  2.92708E+01  4.83300E+00 -1.48117E-01  9.25669E-01 -1.44648E-01
*eof
ca09b1
  2.02362E+01  4.83300E+00  0.00000E+00  2.22095E-02  1.25282E+00
*eof
ca09c1
  2.97779E+01  4.83300E+00  0.00000E+00  9.76376E-01  1.70146E-02
*eof
ca10a1
  2.07425E+01  5.37300E+00  0.00000E+00  4.96880E-02  1.14350E+00
  2.17364E+01  5.37300E+00  0.00000E+00  1.49079E-01  5.95428E-01
  2.27309E+01  5.37300E+00  0.00000E+00  2.48532E-01  3.57663E-01
  2.37267E+01  5.37300E+00  0.00000E+00  3.48112E-01  2.48558E-01
  2.47244E+01  5.37300E+00  0.00000E+00  4.47883E-01  1.79737E-01
  2.57244E+01  5.37300E+00  0.00000E+00  5.47883E-01  1.31919E-01
  2.67267E+01  5.37300E+00  0.00000E+00  6.48112E-01  9.75804E-02
  2.77309E+01  5.37300E+00  0.00000E+00  7.48532E-01  7.12729E-02
  2.87364E+01  5.37300E+00  0.00000E+00  8.49079E-01  4.71852E-02
  2.97425E+01  5.37300E+00  0.00000E+00  9.49688E-01  1.64639E-02
*eof
ca11a1
  2.10352E+01  5.89200E+00  0.00000E+00  5.00000E-02  1.17677E+00
  2.20352E+01  5.89200E+00  0.00000E+00  1.50000E-01  5.21319E-01
  2.30352E+01  5.89200E+00  0.00000E+00  2.50000E-01  3.19606E-01
  2.40352E+01  5.89200E+00  0.00000E+00  3.50000E-01  2.22448E-01
  2.50352E+01  5.89200E+00  0.00000E+00  4.50000E-01  1.59968E-01
  2.60352E+01  5.89200E+00  0.00000E+00  5.50000E-01  1.17036E-01
  2.70352E+01  5.89200E+00  0.00000E+00  6.50000E-01  8.64467E-02
  2.80352E+01  5.89200E+00  0.00000E+00  7.50000E-01  6.27409E-02
  2.90352E+01  5.89200E+00  0.00000E+00  8.50000E-01  3.96866E-02
  3.00352E+01  5.89200E+00  0.00000E+00  9.50000E-01  4.69774E-03
*eof
ca12a1
  2.13328E+01  6.38800E+00  0.00000E+00  5.00000E-02  1.20854E+00
  2.23328E+01  6.38800E+00  0.00000E+00  1.50000E-01  5.04816E-01
  2.33328E+01  6.38800E+00  0.00000E+00  2.50000E-01  2.98571E-01
  2.43328E+01  6.38800E+00  0.00000E+00  3.50000E-01  2.02986E-01
  2.53328E+01  6.38800E+00  0.00000E+00  4.50000E-01  1.43829E-01
  2.63328E+01  6.38800E+00  0.00000E+00  5.50000E-01  1.04358E-01
  2.73328E+01  6.38800E+00  0.00000E+00  6.50000E-01  7.65656E-02
  2.83328E+01  6.38800E+00  0.00000E+00  7.50000E-01  5.47171E-02
  2.93328E+01  6.38800E+00  0.00000E+00  8.50000E-01  3.24137E-02
  3.03328E+01  6.38800E+00  0.00000E+00  9.50000E-01 -1.74492E-03
*eof
ca13a1
  2.16148E+01  6.85800E+00  0.00000E+00  5.00000E-02  1.20827E+00
  2.26148E+01  6.85800E+00  0.00000E+00  1.50000E-01  4.85098E-01
  2.36148E+01  6.85800E+00  0.00000E+00  2.50000E-01  2.77048E-01
  2.46148E+01  6.85800E+00  0.00000E+00  3.50000E-01  1.83511E-01
  2.56148E+01  6.85800E+00  0.00000E+00  4.50000E-01  1.28102E-01
  2.66148E+01  6.85800E+00  0.00000E+00  5.50000E-01  9.22922E-02
  2.76148E+01  6.85800E+00  0.00000E+00  6.50000E-01  6.73426E-02
  2.86148E+01  6.85800E+00  0.00000E+00  7.50000E-01  4.74930E-02
  2.96148E+01  6.85800E+00  0.00000E+00  8.50000E-01  2.66730E-02
  3.06148E+01  6.85800E+00  0.00000E+00  9.50000E-01 -5.59341E-03
*eof
ca14a1
  2.18812E+01  7.30200E+00  0.00000E+00  5.00000E-02  1.19138E+00
  2.28812E+01  7.30200E+00  0.00000E+00  1.50000E-01  4.61485E-01
  2.38812E+01  7.30200E+00  0.00000E+00  2.50000E-01  2.52975E-01
  2.48812E+01  7.30200E+00  0.00000E+00  3.50000E-01  1.63250E-01
  2.58812E+01  7.30200E+00  0.00000E+00  4.50000E-01  1.12668E-01
  2.68812E+01  7.30200E+00  0.00000E+00  5.50000E-01  8.09881E-02
  2.78812E+01  7.30200E+00  0.00000E+00  6.50000E-01  5.90972E-02
  2.88812E+01  7.30200E+00  0.00000E+00  7.50000E-01  4.14047E-02
  2.98812E+01  7.30200E+00  0.00000E+00  8.50000E-01  2.24521E-02
  3.08812E+01  7.30200E+00  0.00000E+00  9.50000E-01 -7.31692E-03
*eof
ca15a1
  2.21296E+01  7.71600E+00  0.00000E+00  5.00000E-02  1.16219E+00
  2.31296E+01  7.71600E+00  0.00000E+00  1.50000E-01  4.32899E-01
  2.41296E+01  7.71600E+00  0.00000E+00  2.50000E-01  2.26332E-01
  2.51296E+01  7.71600E+00  0.00000E+00  3.50000E-01  1.42743E-01
  2.61296E+01  7.71600E+00  0.00000E+00  4.50000E-01  9.80368E-02
  2.71296E+01  7.71600E+00  0.00000E+00  5.50000E-01  7.07779E-02
  2.81296E+01  7.71600E+00  0.00000E+00  6.50000E-01  5.20045E-02
  2.91296E+01  7.71600E+00  0.00000E+00  7.50000E-01  3.65867E-02
  3.01296E+01  7.71600E+00  0.00000E+00  8.50000E-01  1.96648E-02
  3.11296E+01  7.71600E+00  0.00000E+00  9.50000E-01 -7.34595E-03
*eof
ca16a1
  2.23600E+01  8.10000E+00  0.00000E+00  5.00000E-02  1.12286E+00
  2.33600E+01  8.10000E+00  0.00000E+00  1.50000E-01  3.99311E-01
  2.43600E+01  8.10000E+00  0.00000E+00  2.50000E-01  1.97682E-01
  2.53600E+01  8.10000E+00  0.00000E+00  3.50000E-01  1.22814E-01
  2.63600E+01  8.10000E+00  0.00000E+00  4.50000E-01  8.46377E-02
  2.73600E+01  8.10000E+00  0.00000E+00  5.50000E-01  6.17787E-02
  2.83600E+01  8.10000E+00  0.00000E+00  6.50000E-01  4.60386E-02
  2.93600E+01  8.10000E+00  0.00000E+00  7.50000E-01  3.28950E-02
  3.03600E+01  8.10000E+00  0.00000E+00  8.50000E-01  1.80596E-02
  3.13600E+01  8.10000E+00  0.00000E+00  9.50000E-01 -5.96406E-03
*eof
ca17a1
  2.25718E+01  8.45300E+00  0.00000E+00  5.00000E-02  1.07677E+00
  2.35718E+01  8.45300E+00  0.00000E+00  1.50000E-01  3.58625E-01
  2.45718E+01  8.45300E+00  0.00000E+00  2.50000E-01  1.67630E-01
  2.55718E+01  8.45300E+00  0.00000E+00  3.50000E-01  1.02380E-01
  2.65718E+01  8.45300E+00  0.00000E+00  4.50000E-01  7.16074E-02
  2.75718E+01  8.45300E+00  0.00000E+00  5.50000E-01  5.36374E-02
  2.85718E+01  8.45300E+00  0.00000E+00  6.50000E-01  4.12016E-02
  2.95718E+01  8.45300E+00  0.00000E+00  7.50000E-01  3.06212E-02
  3.05718E+01  8.45300E+00  0.00000E+00  8.50000E-01  1.81840E-02
  3.15718E+01  8.45300E+00  0.00000E+00  9.50000E-01 -4.66204E-03
*eof
ca18a1
  2.27626E+01  8.77100E+00  0.00000E+00  5.00000E-02  1.00980E+00
  2.37626E+01  8.77100E+00  0.00000E+00  1.50000E-01  3.10371E-01
  2.47626E+01  8.77100E+00  0.00000E+00  2.50000E-01  1.37153E-01
  2.57626E+01  8.77100E+00  0.00000E+00  3.50000E-01  8.51329E-02
  2.67626E+01  8.77100E+00  0.00000E+00  4.50000E-01  6.17072E-02
  2.77626E+01  8.77100E+00  0.00000E+00  5.50000E-01  4.78370E-02
  2.87626E+01  8.77100E+00  0.00000E+00  6.50000E-01  3.82649E-02
  2.97626E+01  8.77100E+00  0.00000E+00  7.50000E-01  2.99866E-02
  3.07626E+01  8.77100E+00  0.00000E+00  8.50000E-01  1.98102E-02
  3.17626E+01  8.77100E+00  0.00000E+00  9.50000E-01  2.69535E-04
*eof
ca19a1
  2.29336E+01  9.05600E+00  0.00000E+00  5.00000E-02  9.28237E-01
  2.39336E+01  9.05600E+00  0.00000E+00  1.50000E-01  2.69465E-01
  2.49336E+01  9.05600E+00  0.00000E+00  2.50000E-01  1.14561E-01
  2.59336E+01  9.05600E+00  0.00000E+00  3.50000E-01  7.13652E-02
  2.69336E+01  9.05600E+00  0.00000E+00  4.50000E-01  5.25502E-02
  2.79336E+01  9.05600E+00  0.00000E+00  5.50000E-01  4.17510E-02
  2.89336E+01  9.05600E+00  0.00000E+00  6.50000E-01  3.43286E-02
  2.99336E+01  9.05600E+00  0.00000E+00  7.50000E-01  2.77570E-02
  3.09336E+01  9.05600E+00  0.00000E+00  8.50000E-01  1.95180E-02
  3.19336E+01  9.05600E+00  0.00000E+00  9.50000E-01  3.13709E-03
*eof
ca20a1
  2.30824E+01  9.30400E+00  0.00000E+00  5.00000E-02  8.36969E-01
  2.40824E+01  9.30400E+00  0.00000E+00  1.50000E-01  2.00481E-01
  2.50824E+01  9.30400E+00  0.00000E+00  2.50000E-01  8.29868E-02
  2.60824E+01  9.30400E+00  0.00000E+00  3.50000E-01  5.78376E-02
  2.70824E+01  9.30400E+00  0.00000E+00  4.50000E-01  4.72654E-02
  2.80824E+01  9.30400E+00  0.00000E+00  5.50000E-01  4.17462E-02
  2.90824E+01  9.30400E+00  0.00000E+00  6.50000E-01  3.84876E-02
  3.00824E+01  9.30400E+00  0.00000E+00  7.50000E-01  3.56045E-02
  3.10824E+01  9.30400E+00  0.00000E+00  8.50000E-01  3.08373E-02
  3.20824E+01  9.30400E+00  0.00000E+00  9.50000E-01  1.61910E-02
*eof
ca21a1
  2.32096E+01  9.51600E+00  0.00000E+00  5.00000E-02  6.43245E-01
  2.42096E+01  9.51600E+00  0.00000E+00  1.50000E-01  2.21726E-01
  2.52096E+01  9.51600E+00  0.00000E+00  2.50000E-01  7.89682E-02
  2.62096E+01  9.51600E+00  0.00000E+00  3.50000E-01  5.23534E-02
  2.72096E+01  9.51600E+00  0.00000E+00  4.50000E-01  4.68440E-02
  2.82096E+01  9.51600E+00  0.00000E+00  5.50000E-01  4.63005E-02
  2.92096E+01  9.51600E+00  0.00000E+00  6.50000E-01  4.74210E-02
  3.02096E+01  9.51600E+00  0.00000E+00  7.50000E-01  4.84259E-02
  3.12096E+01  9.51600E+00  0.00000E+00  8.50000E-01  4.67276E-02
  3.22096E+01  9.51600E+00  0.00000E+00  9.50000E-01  3.93300E-02
*eof
ca22a1
  2.33140E+01  9.69000E+00  0.00000E+00  5.00000E-02  5.47849E-01
  2.43140E+01  9.69000E+00  0.00000E+00  1.50000E-01  1.13669E-01
  2.53140E+01  9.69000E+00  0.00000E+00  2.50000E-01  5.06776E-02
  2.63140E+01  9.69000E+00  0.00000E+00  3.50000E-01  4.31525E-02
  2.73140E+01  9.69000E+00  0.00000E+00  4.50000E-01  4.45511E-02
  2.83140E+01  9.69000E+00  0.00000E+00  5.50000E-01  4.87111E-02
  2.93140E+01  9.69000E+00  0.00000E+00  6.50000E-01  5.37268E-02
  3.03140E+01  9.69000E+00  0.00000E+00  7.50000E-01  5.82991E-02
  3.13140E+01  9.69000E+00  0.00000E+00  8.50000E-01  6.07595E-02
  3.23140E+01  9.69000E+00  0.00000E+00  9.50000E-01  5.43298E-02
*eof
ca23a1
  2.33956E+01  9.82600E+00  0.00000E+00  5.00000E-02  4.73286E-01
  2.43956E+01  9.82600E+00  0.00000E+00  1.50000E-01  2.92102E-02
  2.53956E+01  9.82600E+00  0.00000E+00  2.50000E-01  2.85655E-02
  2.63956E+01  9.82600E+00  0.00000E+00  3.50000E-01  3.59611E-02
  2.73956E+01  9.82600E+00  0.00000E+00  4.50000E-01  4.27589E-02
  2.83956E+01  9.82600E+00  0.00000E+00  5.50000E-01  5.05952E-02
  2.93956E+01  9.82600E+00  0.00000E+00  6.50000E-01  5.86555E-02
  3.03956E+01  9.82600E+00  0.00000E+00  7.50000E-01  6.60161E-02
  3.13956E+01  9.82600E+00  0.00000E+00  8.50000E-01  7.17270E-02
  3.23956E+01  9.82600E+00  0.00000E+00  9.50000E-01  6.60538E-02
*eof
ca24a1
  2.34538E+01  9.92300E+00  0.00000E+00  5.00000E-02  4.20105E-01
  2.44538E+01  9.92300E+00  0.00000E+00  1.50000E-01 -3.10287E-02
  2.54538E+01  9.92300E+00  0.00000E+00  2.50000E-01  1.27943E-02
  2.64538E+01  9.92300E+00  0.00000E+00  3.50000E-01  3.08318E-02
  2.74538E+01  9.92300E+00  0.00000E+00  4.50000E-01  4.14806E-02
  2.84538E+01  9.92300E+00  0.00000E+00  5.50000E-01  5.19391E-02
  2.94538E+01  9.92300E+00  0.00000E+00  6.50000E-01  6.21708E-02
  3.04538E+01  9.92300E+00  0.00000E+00  7.50000E-01  7.15201E-02
  3.14538E+01  9.92300E+00  0.00000E+00  8.50000E-01  7.95494E-02
  3.24538E+01  9.92300E+00  0.00000E+00  9.50000E-01  7.44158E-02
*eof
ca25a1
  2.34886E+01  9.98100E+00  0.00000E+00  5.00000E-02  3.88306E-01
  2.44886E+01  9.98100E+00  0.00000E+00  1.50000E-01 -6.70478E-02
  2.54886E+01  9.98100E+00  0.00000E+00  2.50000E-01  3.36410E-03
  2.64886E+01  9.98100E+00  0.00000E+00  3.50000E-01  2.77649E-02
  2.74886E+01  9.98100E+00  0.00000E+00  4.50000E-01  4.07163E-02
  2.84886E+01  9.98100E+00  0.00000E+00  5.50000E-01  5.27426E-02
  2.94886E+01  9.98100E+00  0.00000E+00  6.50000E-01  6.42728E-02
  3.04886E+01  9.98100E+00  0.00000E+00  7.50000E-01  7.48111E-02
  3.14886E+01  9.98100E+00  0.00000E+00  8.50000E-01  8.42267E-02
  3.24886E+01  9.98100E+00  0.00000E+00  9.50000E-01  7.94157E-02
*eof
