(i14,6f16.6,/,3x,f11.6,6f16.6)
*dupt
$hull and keel, type 18 wake                                             
$jan. 4, 1991                                                            
$sectional forces
*dup
c1.1
       cut-no.             cfx             cfy             cfz             cmx             cmy             cmz  more
           eta             cdc             cnc             clc  clc*chord/cref             cmc      cut-length
             1       -0.001038       -0.022781        0.046180       -0.000120        0.007354       -0.012475
      0.034900        0.003795       -0.022781        0.046035        0.221979        0.007354       99.433774
             2       -0.001380       -0.029735        0.044343        0.000058        0.004422       -0.016986
      0.064500        0.003263       -0.029735        0.044245        0.206421        0.004422       96.604083
             3       -0.001868        0.008453        0.040308       -0.000070       -0.001352        0.003069
      0.127100        0.002356        0.008453        0.040282        0.173892       -0.001352       90.130419
             4       -0.002257        0.050406        0.038339        0.000080       -0.007590        0.029379
      0.189100        0.001762        0.050406        0.038365        0.151222       -0.007590       82.874532
             5       -0.002542        0.128463        0.034374       -0.000376       -0.012572        0.087469
      0.250400        0.001065        0.128463        0.034452        0.121664       -0.012572       74.748329
             6       -0.002738        0.176433        0.036248        0.000235       -0.021335        0.138965
      0.310700        0.001066        0.176433        0.036336        0.111733       -0.021335       65.455171
             7       -0.002808        0.259487        0.033990       -0.000321       -0.028035        0.248499
      0.369700        0.000760        0.259487        0.034097        0.086982       -0.028035       54.529135
             8       -0.002626        0.324195        0.037738        0.000340       -0.045833        0.418350
      0.427400        0.001333        0.324195        0.037806        0.071930       -0.045833       40.743427
             9       -0.000728        0.342494        0.082599        0.025538       -0.175484        0.852114
      0.483300        0.007910        0.342494        0.082223        0.082223       -0.175484       19.986867
            10        0.000000        0.000000        0.287702        0.154582       -0.645792        0.000000
      0.537300        0.030073        0.000000        0.286126        0.286126       -0.645792       10.000000
            11        0.000000        0.000000        0.271072        0.159716       -0.612659        0.000000
      0.589200        0.028335        0.000000        0.269587        0.269587       -0.612659       10.000000
            12        0.000000        0.000000        0.262505        0.167688       -0.597627        0.000000
      0.638800        0.027439        0.000000        0.261067        0.261067       -0.597627       10.000000
            13        0.000000        0.000000        0.251024        0.172152       -0.575887        0.000000
      0.685800        0.026239        0.000000        0.249649        0.249649       -0.575887       10.000000
            14        0.000000        0.000000        0.237838        0.173669       -0.549810        0.000000
      0.730200        0.024861        0.000000        0.236535        0.236535       -0.549810       10.000000
            15        0.000000        0.000000        0.223389        0.172367       -0.520256        0.000000
      0.771600        0.023351        0.000000        0.222165        0.222165       -0.520256       10.000000
            16        0.000000        0.000000        0.208011        0.168489       -0.487958        0.000000
      0.810000        0.021743        0.000000        0.206872        0.206872       -0.487958       10.000000
            17        0.000000        0.000000        0.191600        0.161959       -0.452449        0.000000
      0.845300        0.020028        0.000000        0.190550        0.190550       -0.452449        9.999998
            18        0.000000        0.000000        0.174033        0.152645       -0.414269        0.000000
      0.877100        0.018191        0.000000        0.173080        0.173080       -0.414269       10.000000
            19        0.000000        0.000000        0.156267        0.141515       -0.374582        0.000000
      0.905600        0.016334        0.000000        0.155411        0.155411       -0.374582       10.000002
            20        0.000000        0.000000        0.138841        0.129177       -0.337623        0.000000
      0.930400        0.014513        0.000000        0.138080        0.138080       -0.337623       10.000001
            21        0.000000        0.000000        0.127134        0.120981       -0.317400        0.000000
      0.951600        0.013289        0.000000        0.126438        0.126438       -0.317400       10.000000
            22        0.000000        0.000000        0.107573        0.104238       -0.274769        0.000000
      0.969000        0.011244        0.000000        0.106983        0.106983       -0.274769       10.000000
            23        0.000000        0.000000        0.092283        0.090677       -0.241164        0.000000
      0.982600        0.009646        0.000000        0.091777        0.091777       -0.241164       10.000000
            24        0.000000        0.000000        0.081378        0.080751       -0.217044        0.000000
      0.992300        0.008506        0.000000        0.080932        0.080932       -0.217044       10.000000
            25        0.000000        0.000000        0.074857        0.074715       -0.202561        0.000000
      0.998100        0.007825        0.000000        0.074447        0.074447       -0.202561       10.000000
*eof
