(f6.0,10e12.5,f3.1)
$title hull and keel, type 18 wake                                             
$title jan. 4, 1991                                                            
$      flow-field streamline properties
*dupt
*dup
s01c1
    pt           s           x           y           z          wx          wy          wz        ppot      cp/2nd        mach  c
     1 0.00000E+00 3.00000E+01 4.80000E+00 1.00000E-02 1.08044E+00-8.51780E-02-1.79667E-02 1.10470E+00-1.74924E-01 0.00000E+00  1
     2 2.40125E-02 3.00259E+01 4.79800E+00 9.60185E-03 1.07388E+00-8.10926E-02-1.51816E-02 1.10700E+00-1.60025E-01 0.00000E+00  1
*eof
s02c1
     1 0.00000E+00 3.03000E+01 5.50000E+00 1.00000E-02 1.05551E+00-9.61717E-02 6.80333E-03 1.06078E+00-1.23396E-01 0.00000E+00  1
     2 2.42832E-02 3.03256E+01 5.49766E+00 1.01745E-02 1.05523E+00-9.66317E-02 7.56826E-03 1.06255E+00-1.22905E-01 0.00000E+00  1
     3 1.02428E+00 3.13777E+01 5.39180E+00 2.82573E-02 1.05140E+00-1.14913E-01 2.37555E-02 1.13309E+00-1.19210E-01 0.00000E+00  1
*eof
s03c1
     1 0.00000E+00 3.06000E+01 6.00000E+00 1.00000E-02 1.04550E+00-1.05719E-01 6.35008E-03 1.02698E+00-1.04292E-01 0.00000E+00  1
     2 2.43876E-02 3.06255E+01 5.99742E+00 1.01635E-02 1.04532E+00-1.06018E-01 7.05657E-03 1.02854E+00-1.03988E-01 0.00000E+00  1
     3 1.02439E+00 3.16691E+01 5.88438E+00 2.75578E-02 1.04406E+00-1.21050E-01 2.38441E-02 1.09047E+00-1.05278E-01 0.00000E+00  1
     4 3.02439E+00 3.37545E+01 5.61591E+00 7.75776E-02 1.03292E+00-1.41233E-01 2.44945E-02 1.21592E+00-8.74698E-02 0.00000E+00  1
     5 5.02439E+00 3.58045E+01 5.31754E+00 1.26043E-01 1.01706E+00-1.57621E-01 2.94870E-02 1.32001E+00-6.01227E-02 0.00000E+00  1
     6 7.02439E+00 3.78205E+01 4.98914E+00 1.89288E-01 9.98756E-01-1.70119E-01 3.30797E-02 1.39683E+00-2.75473E-02 0.00000E+00  1
     7 9.02439E+00 3.97983E+01 4.64080E+00 2.57587E-01 9.78759E-01-1.77147E-01 3.48914E-02 1.44156E+00 9.43219E-03 0.00000E+00  1
     8 1.30244E+01 4.36323E+01 3.93936E+00 3.97113E-01 9.38921E-01-1.67091E-01 3.39419E-02 1.41684E+00 8.93557E-02 0.00000E+00  1
     9 1.70244E+01 4.73328E+01 3.35788E+00 5.31476E-01 9.16104E-01-1.15106E-01 3.41334E-02 1.23450E+00 1.46340E-01 0.00000E+00  1
    10 2.10244E+01 5.10249E+01 3.02225E+00 6.83356E-01 9.40326E-01-5.29952E-02 4.39234E-02 9.91085E-01 1.11050E-01 0.00000E+00  1
    11 2.46244E+01 5.44607E+01 2.88312E+00 8.47754E-01 9.65819E-01-3.32383E-02 4.46102E-02 8.50313E-01 6.40987E-02 0.00000E+00  1
    12 2.78302E+01 5.75790E+01 2.78662E+00 9.91115E-01 9.76616E-01-2.77197E-02 4.54561E-02 7.73922E-01 4.33858E-02 0.00000E+00  1
    13 3.10359E+01 6.07196E+01 2.70189E+00 1.13821E+00 9.82429E-01-2.49812E-02 4.63195E-02 7.21339E-01 3.20631E-02 0.00000E+00  1
    14 3.42417E+01 6.38749E+01 2.62469E+00 1.28812E+00 9.85888E-01-2.31997E-02 4.72169E-02 6.82348E-01 2.52566E-02 0.00000E+00  1
    15 3.74475E+01 6.70392E+01 2.55256E+00 1.44096E+00 9.88107E-01-2.18319E-02 4.81467E-02 6.51774E-01 2.08507E-02 0.00000E+00  1
    16 4.24475E+01 7.19854E+01 2.44786E+00 1.68544E+00 9.90235E-01-2.00836E-02 4.96554E-02 6.14420E-01 1.65649E-02 0.00000E+00  1
    17 4.74475E+01 7.69399E+01 2.35125E+00 1.93764E+00 9.91499E-01-1.85835E-02 5.12399E-02 5.84933E-01 1.39587E-02 0.00000E+00  1
    18 5.24475E+01 8.18995E+01 2.26176E+00 2.19794E+00 9.92303E-01-1.72274E-02 5.28908E-02 5.60062E-01 1.22408E-02 0.00000E+00  1
    19 5.74475E+01 8.68625E+01 2.17878E+00 2.46663E+00 9.92841E-01-1.59814E-02 5.45893E-02 5.38206E-01 1.10309E-02 0.00000E+00  1
    20 6.24475E+01 9.18277E+01 2.10180E+00 2.74389E+00 9.93217E-01-1.48279E-02 5.63206E-02 5.18427E-01 1.01290E-02 0.00000E+00  1
    21 6.74475E+01 9.67945E+01 2.03037E+00 3.02987E+00 9.93487E-01-1.37571E-02 5.80768E-02 5.00135E-01 9.42170E-03 0.00000E+00  1
    22 7.24475E+01 1.01762E+02 1.96410E+00 3.32468E+00 9.93687E-01-1.27616E-02 5.98462E-02 4.82959E-01 8.84212E-03 0.00000E+00  1
    23 7.74475E+01 1.06731E+02 1.90263E+00 3.62834E+00 9.93838E-01-1.18354E-02 6.16180E-02 4.66659E-01 8.34907E-03 0.00000E+00  1
    24 8.24475E+01 1.11701E+02 1.84564E+00 3.94085E+00 9.93955E-01-1.09731E-02 6.33824E-02 4.51079E-01 7.91635E-03 0.00000E+00  1
    25 8.74475E+01 1.16671E+02 1.79281E+00 4.26214E+00 9.94046E-01-1.01700E-02 6.51304E-02 4.36117E-01 7.52689E-03 0.00000E+00  1
    26 9.24475E+01 1.21641E+02 1.74385E+00 4.59211E+00 9.94119E-01-9.42176E-03 6.68543E-02 4.21705E-01 7.16939E-03 0.00000E+00  1
    27 9.74475E+01 1.26612E+02 1.69850E+00 4.93063E+00 9.94177E-01-8.72467E-03 6.85469E-02 4.07799E-01 6.83632E-03 0.00000E+00  1
    28 1.02447E+02 1.31583E+02 1.65652E+00 5.27752E+00 9.94225E-01-8.07534E-03 7.02023E-02 3.94369E-01 6.52256E-03 0.00000E+00  1
*eof
s04c1
     1 0.00000E+00 3.09000E+01 6.50000E+00 1.00000E-02 1.03761E+00-1.14055E-01 6.15071E-03 9.86129E-01-8.96752E-02 0.00000E+00  1
     2 2.44690E-02 3.09254E+01 6.49721E+00 1.01591E-02 1.03742E+00-1.14271E-01 6.85560E-03 9.87522E-01-8.93538E-02 0.00000E+00  1
     3 1.02447E+00 3.19617E+01 6.37724E+00 2.73615E-02 1.03802E+00-1.27027E-01 2.36202E-02 1.04295E+00-9.41770E-02 0.00000E+00  1
     4 2.02447E+00 3.29992E+01 6.24495E+00 5.10450E-02 1.03359E+00-1.35272E-01 2.10230E-02 1.10196E+00-8.70547E-02 0.00000E+00  1
     5 3.02447E+00 3.40296E+01 6.10624E+00 7.18063E-02 1.02719E+00-1.42238E-01 2.34193E-02 1.15666E+00-7.58991E-02 0.00000E+00  1
     6 4.02447E+00 3.50533E+01 5.96081E+00 9.66624E-02 1.02013E+00-1.48556E-01 2.58911E-02 1.20580E+00-6.34057E-02 0.00000E+00  1
     7 6.02447E+00 3.70782E+01 5.65304E+00 1.52843E-01 1.00436E+00-1.58622E-01 3.01260E-02 1.28524E+00-3.48023E-02 0.00000E+00  1
     8 8.02447E+00 3.90698E+01 5.32946E+00 2.16246E-01 9.87013E-01-1.64157E-01 3.30582E-02 1.33560E+00-2.23542E-03 0.00000E+00  1
     9 1.00245E+01 4.10260E+01 5.00050E+00 2.84200E-01 9.69113E-01-1.63725E-01 3.46854E-02 1.35272E+00 3.28105E-02 0.00000E+00  1
    10 1.40245E+01 4.48367E+01 4.38152E+00 4.25715E-01 9.38048E-01-1.39966E-01 3.57891E-02 1.27921E+00 9.91939E-02 0.00000E+00  1
    11 1.80245E+01 4.85613E+01 3.91550E+00 5.75980E-01 9.29735E-01-8.83896E-02 4.06236E-02 1.08730E+00 1.26129E-01 0.00000E+00  1
    12 2.20245E+01 5.23199E+01 3.65117E+00 7.50579E-01 9.56231E-01-4.85650E-02 4.64595E-02 8.96558E-01 8.11049E-02 0.00000E+00  1
    13 2.56245E+01 5.57992E+01 3.50723E+00 9.21108E-01 9.72345E-01-3.61018E-02 4.70240E-02 7.90642E-01 5.10313E-02 0.00000E+00  1
    14 2.88645E+01 5.89637E+01 3.39794E+00 1.07410E+00 9.79962E-01-3.15714E-02 4.78366E-02 7.28647E-01 3.63891E-02 0.00000E+00  1
    15 3.21045E+01 6.21464E+01 3.29986E+00 1.23050E+00 9.84365E-01-2.89711E-02 4.87095E-02 6.84194E-01 2.78138E-02 0.00000E+00  1
    16 3.53445E+01 6.53404E+01 3.20904E+00 1.38979E+00 9.87119E-01-2.71269E-02 4.96190E-02 6.50225E-01 2.23983E-02 0.00000E+00  1
    17 4.03445E+01 7.02829E+01 3.07904E+00 1.64148E+00 9.89669E-01-2.49244E-02 5.10693E-02 6.10344E-01 1.73262E-02 0.00000E+00  1
    18 4.53445E+01 7.52351E+01 2.95907E+00 1.90058E+00 9.91148E-01-2.30897E-02 5.25828E-02 5.79591E-01 1.43266E-02 0.00000E+00  1
    19 5.03445E+01 8.01933E+01 2.84778E+00 2.16741E+00 9.92073E-01-2.14465E-02 5.41599E-02 5.54257E-01 1.23975E-02 0.00000E+00  1
    20 5.53445E+01 8.51553E+01 2.74437E+00 2.44226E+00 9.92684E-01-1.99325E-02 5.57867E-02 5.32250E-01 1.10690E-02 0.00000E+00  1
    21 6.03445E+01 9.01198E+01 2.64828E+00 2.72533E+00 9.93105E-01-1.85230E-02 5.74453E-02 5.12518E-01 1.00992E-02 0.00000E+00  1
    22 6.53445E+01 9.50861E+01 2.55899E+00 3.01676E+00 9.93406E-01-1.72067E-02 5.91315E-02 4.94387E-01 9.35287E-03 0.00000E+00  1
    23 7.03445E+01 1.00054E+02 2.47607E+00 3.31667E+00 9.93626E-01-1.59757E-02 6.08352E-02 4.77432E-01 8.75124E-03 0.00000E+00  1
    24 7.53445E+01 1.05022E+02 2.39910E+00 3.62512E+00 9.93792E-01-1.48246E-02 6.25458E-02 4.61383E-01 8.24639E-03 0.00000E+00  1
    25 8.03445E+01 1.09992E+02 2.32770E+00 3.94212E+00 9.93919E-01-1.37486E-02 6.42535E-02 4.46066E-01 7.80816E-03 0.00000E+00  1
    26 8.53445E+01 1.14961E+02 2.26149E+00 4.26764E+00 9.94018E-01-1.27435E-02 6.59488E-02 4.31368E-01 7.41713E-03 0.00000E+00  1
    27 9.03445E+01 1.19932E+02 2.20015E+00 4.60158E+00 9.94096E-01-1.18051E-02 6.76234E-02 4.17215E-01 7.06052E-03 0.00000E+00  1
    28 9.53445E+01 1.24902E+02 2.14334E+00 4.94382E+00 9.94159E-01-1.09298E-02 6.92699E-02 4.03559E-01 6.72987E-03 0.00000E+00  1
    29 1.00344E+02 1.29873E+02 2.09075E+00 5.29422E+00 9.94210E-01-1.01139E-02 7.08816E-02 3.90370E-01 6.41951E-03 0.00000E+00  1
    30 1.05344E+02 1.34844E+02 2.04211E+00 5.65257E+00 9.94252E-01-9.35408E-03 7.24530E-02 3.77628E-01 6.12564E-03 0.00000E+00  1
*eof
s05c1
     1 0.00000E+00 3.12000E+01 7.00000E+00 1.00000E-02 1.03109E+00-1.23239E-01 6.04358E-03 9.38717E-01-7.83759E-02 0.00000E+00  1
     2 2.45328E-02 3.12253E+01 6.99697E+00 1.01566E-02 1.03093E+00-1.23387E-01 6.72381E-03 9.39996E-01-7.80912E-02 0.00000E+00  1
     3 1.02453E+00 3.22558E+01 6.86910E+00 2.68708E-02 1.03286E+00-1.33878E-01 2.28794E-02 9.90877E-01-8.52363E-02 0.00000E+00  1
     4 2.02453E+00 3.32869E+01 6.73190E+00 5.01211E-02 1.02841E+00-1.39737E-01 2.04160E-02 1.04556E+00-7.75638E-02 0.00000E+00  1
     5 3.02453E+00 3.43125E+01 6.58962E+00 7.12804E-02 1.02240E+00-1.44671E-01 2.27105E-02 1.09590E+00-6.67406E-02 0.00000E+00  1
     6 5.02453E+00 3.63440E+01 6.29193E+00 1.21306E-01 1.00874E+00-1.52575E-01 2.73131E-02 1.17949E+00-4.15861E-02 0.00000E+00  1
     7 9.02453E+00 4.03182E+01 5.66827E+00 2.44633E-01 9.77624E-01-1.56449E-01 3.37283E-02 1.26366E+00 1.86368E-02 0.00000E+00  1
     8 1.26245E+01 4.37896E+01 5.12763E+00 3.72027E-01 9.51410E-01-1.40522E-01 3.66700E-02 1.23020E+00 7.37286E-02 0.00000E+00  1
     9 1.58645E+01 4.68473E+01 4.71830E+00 4.95653E-01 9.37906E-01-1.09218E-01 3.98076E-02 1.11764E+00 1.06818E-01 0.00000E+00  1
    10 1.91045E+01 4.98887E+01 4.42167E+00 6.35155E-01 9.42791E-01-7.28532E-02 4.70829E-02 9.66033E-01 1.03620E-01 0.00000E+00  1
    11 2.20205E+01 5.26615E+01 4.24218E+00 7.75760E-01 9.61186E-01-5.19672E-02 4.84786E-02 8.53225E-01 7.10713E-02 0.00000E+00  1
    12 2.49365E+01 5.54824E+01 4.10782E+00 9.17900E-01 9.72345E-01-4.19091E-02 4.87896E-02 7.74439E-01 5.04089E-02 0.00000E+00  1
    13 2.78525E+01 5.83288E+01 3.99400E+00 1.06113E+00 9.79212E-01-3.69740E-02 4.94998E-02 7.18454E-01 3.73274E-02 0.00000E+00  1
    14 3.07685E+01 6.11909E+01 3.89062E+00 1.20664E+00 9.83485E-01-3.40219E-02 5.02931E-02 6.77021E-01 2.90713E-02 0.00000E+00  1
    15 3.36845E+01 6.40630E+01 3.79454E+00 1.35448E+00 9.86277E-01-3.19346E-02 5.11085E-02 6.44818E-01 2.36248E-02 0.00000E+00  1
    16 3.66005E+01 6.69419E+01 3.70393E+00 1.50472E+00 9.88183E-01-3.02807E-02 5.19390E-02 6.18900E-01 1.98789E-02 0.00000E+00  1
    17 4.16005E+01 7.18886E+01 3.55860E+00 1.76805E+00 9.90263E-01-2.79410E-02 5.34024E-02 5.83756E-01 1.57468E-02 0.00000E+00  1
    18 4.66005E+01 7.68433E+01 3.42405E+00 2.03883E+00 9.91509E-01-2.59325E-02 5.49153E-02 5.56104E-01 1.32207E-02 0.00000E+00  1
    19 5.16005E+01 8.18030E+01 3.29903E+00 2.31729E+00 9.92307E-01-2.41066E-02 5.64764E-02 5.32852E-01 1.15567E-02 0.00000E+00  1
    20 5.66005E+01 8.67660E+01 3.18278E+00 2.60365E+00 9.92842E-01-2.24147E-02 5.80717E-02 5.12448E-01 1.03893E-02 0.00000E+00  1
    21 6.16005E+01 9.17312E+01 3.07470E+00 2.89805E+00 9.93217E-01-2.08336E-02 5.96907E-02 4.93990E-01 9.52378E-03 0.00000E+00  1
    22 6.66005E+01 9.66980E+01 2.97428E+00 3.20059E+00 9.93486E-01-1.93524E-02 6.13300E-02 4.76912E-01 8.84869E-03 0.00000E+00  1
    23 7.16005E+01 1.01666E+02 2.88103E+00 3.51137E+00 9.93686E-01-1.79639E-02 6.29807E-02 4.60860E-01 8.29822E-03 0.00000E+00  1
    24 7.66005E+01 1.06635E+02 2.79449E+00 3.83040E+00 9.93838E-01-1.66632E-02 6.46333E-02 4.45607E-01 7.83174E-03 0.00000E+00  1
    25 8.16005E+01 1.11604E+02 2.71426E+00 4.15769E+00 9.93954E-01-1.54458E-02 6.62788E-02 4.31010E-01 7.42345E-03 0.00000E+00  1
    26 8.66005E+01 1.16574E+02 2.63990E+00 4.49316E+00 9.94046E-01-1.43079E-02 6.79087E-02 4.16974E-01 7.05667E-03 0.00000E+00  1
    27 9.16005E+01 1.21545E+02 2.57105E+00 4.83674E+00 9.94119E-01-1.32454E-02 6.95151E-02 4.03439E-01 6.72042E-03 0.00000E+00  1
    28 9.66005E+01 1.26515E+02 2.50733E+00 5.18827E+00 9.94177E-01-1.22545E-02 7.10912E-02 3.90368E-01 6.40742E-03 0.00000E+00  1
    29 1.01601E+02 1.31486E+02 2.44839E+00 5.54759E+00 9.94225E-01-1.13317E-02 7.26309E-02 3.77737E-01 6.11281E-03 0.00000E+00  1
*eof
s06c1
     1 0.00000E+00 3.15000E+01 7.50000E+00 1.00000E-02 1.02573E+00-1.34665E-01 5.74151E-03 8.84394E-01-7.02965E-02 0.00000E+00  1
     2 2.45790E-02 3.15252E+01 7.49669E+00 1.01492E-02 1.02559E+00-1.34737E-01 6.39762E-03 8.85611E-01-7.00335E-02 0.00000E+00  1
     3 1.02458E+00 3.25508E+01 7.35883E+00 2.61336E-02 1.02841E+00-1.42617E-01 2.18111E-02 9.33898E-01-7.84333E-02 0.00000E+00  1
     4 2.02458E+00 3.35776E+01 7.21407E+00 4.85038E-02 1.02400E+00-1.46176E-01 1.99284E-02 9.85938E-01-7.03489E-02 0.00000E+00  1
     5 3.02458E+00 3.45989E+01 7.06638E+00 6.92009E-02 1.01836E+00-1.49099E-01 2.21733E-02 1.03339E+00-5.97802E-02 0.00000E+00  1
     6 5.02458E+00 3.66232E+01 6.76364E+00 1.18116E-01 1.00567E+00-1.53264E-01 2.67604E-02 1.11111E+00-3.55777E-02 0.00000E+00  1
     7 9.02458E+00 4.05905E+01 6.14980E+00 2.40157E-01 9.77421E-01-1.51312E-01 3.37716E-02 1.18524E+00 2.06125E-02 0.00000E+00  1
     8 1.30246E+01 4.44492E+01 5.57999E+00 3.85103E-01 9.52693E-01-1.30200E-01 3.83687E-02 1.14009E+00 7.39520E-02 0.00000E+00  1
     9 1.66246E+01 4.78583E+01 5.16774E+00 5.32021E-01 9.43575E-01-9.63097E-02 4.35107E-02 1.01502E+00 9.84978E-02 0.00000E+00  1
    10 1.98646E+01 5.09281E+01 4.90263E+00 6.84848E-01 9.54534E-01-6.74193E-02 5.13271E-02 8.82109E-01 8.16854E-02 0.00000E+00  1
    11 2.31046E+01 5.40432E+01 4.71409E+00 8.52009E-01 9.68881E-01-5.09243E-02 5.02816E-02 7.84427E-01 5.61488E-02 0.00000E+00  1
    12 2.63446E+01 5.71978E+01 4.56394E+00 1.01554E+00 9.77480E-01-4.31199E-02 5.09242E-02 7.16398E-01 4.00806E-02 0.00000E+00  1
    13 2.95846E+01 6.03739E+01 4.43141E+00 1.18207E+00 9.82717E-01-3.89069E-02 5.17956E-02 6.67911E-01 3.00700E-02 0.00000E+00  1
    14 3.28246E+01 6.35636E+01 4.30998E+00 1.35138E+00 9.85998E-01-3.61266E-02 5.27182E-02 6.31624E-01 2.37226E-02 0.00000E+00  1
    15 3.60646E+01 6.67620E+01 4.19655E+00 1.52371E+00 9.88154E-01-3.39964E-02 5.36639E-02 6.03203E-01 1.95154E-02 0.00000E+00  1
    16 4.10646E+01 7.17085E+01 4.03354E+00 1.79571E+00 9.90237E-01-3.13344E-02 5.51321E-02 5.69049E-01 1.54094E-02 0.00000E+00  1
    17 4.60646E+01 7.66631E+01 3.88270E+00 2.07510E+00 9.91490E-01-2.90598E-02 5.66328E-02 5.42263E-01 1.28966E-02 0.00000E+00  1
    18 5.10646E+01 8.16227E+01 3.74264E+00 2.36209E+00 9.92292E-01-2.69975E-02 5.81683E-02 5.19800E-01 1.12443E-02 0.00000E+00  1
    19 5.60646E+01 8.65856E+01 3.61249E+00 2.65682E+00 9.92831E-01-2.50893E-02 5.97268E-02 5.00116E-01 1.00890E-02 0.00000E+00  1
    20 6.10646E+01 9.15508E+01 3.49154E+00 2.95939E+00 9.93208E-01-2.33076E-02 6.13007E-02 4.82322E-01 9.23604E-03 0.00000E+00  1
    21 6.60646E+01 9.65175E+01 3.37922E+00 3.26986E+00 9.93480E-01-2.16390E-02 6.28893E-02 4.65858E-01 8.57361E-03 0.00000E+00  1
    22 7.10646E+01 1.01485E+02 3.27498E+00 3.58829E+00 9.93682E-01-2.00753E-02 6.44852E-02 4.50376E-01 8.03562E-03 0.00000E+00  1
    23 7.60646E+01 1.06454E+02 3.17830E+00 3.91471E+00 9.93834E-01-1.86106E-02 6.60804E-02 4.35656E-01 7.58126E-03 0.00000E+00  1
    24 8.10646E+01 1.11424E+02 3.08872E+00 4.24908E+00 9.93951E-01-1.72403E-02 6.76669E-02 4.21557E-01 7.18468E-03 0.00000E+00  1
    25 8.60646E+01 1.16394E+02 3.00575E+00 4.59135E+00 9.94043E-01-1.59599E-02 6.92369E-02 4.07989E-01 6.82913E-03 0.00000E+00  1
    26 9.10646E+01 1.21364E+02 2.92897E+00 4.94141E+00 9.94117E-01-1.47653E-02 7.07831E-02 3.94897E-01 6.50366E-03 0.00000E+00  1
    27 9.60646E+01 1.26335E+02 2.85796E+00 5.29913E+00 9.94176E-01-1.36522E-02 7.22991E-02 3.82245E-01 6.20102E-03 0.00000E+00  1
    28 1.01065E+02 1.31306E+02 2.79232E+00 5.66434E+00 9.94224E-01-1.26165E-02 7.37792E-02 3.70012E-01 5.91637E-03 0.00000E+00  1
    29 1.06065E+02 1.36277E+02 2.73168E+00 6.03685E+00 9.94263E-01-1.16541E-02 7.52186E-02 3.58183E-01 5.64654E-03 0.00000E+00  1
*eof
s07c1
     1 0.00000E+00 3.18000E+01 8.00000E+00 1.00000E-02 1.02140E+00-1.50184E-01 5.01849E-03 8.21954E-01-6.58391E-02 0.00000E+00  1
     2 2.46046E-02 3.18251E+01 7.99631E+00 1.01313E-02 1.02128E+00-1.50133E-01 5.65530E-03 8.23168E-01-6.55747E-02 0.00000E+00  1
     3 1.02460E+00 3.28467E+01 7.84504E+00 2.50973E-02 1.02460E+00-1.54451E-01 2.06314E-02 8.71210E-01-7.40921E-02 0.00000E+00  1
     4 2.02460E+00 3.38698E+01 7.68978E+00 4.65855E-02 1.02029E+00-1.55522E-01 1.95197E-02 9.22390E-01-6.55522E-02 0.00000E+00  1
     5 3.02460E+00 3.48875E+01 7.53389E+00 6.69390E-02 1.01499E+00-1.56182E-01 2.17717E-02 9.68645E-01-5.50710E-02 0.00000E+00  1
     6 5.02460E+00 3.69059E+01 7.22112E+00 1.15106E-01 1.00317E+00-1.56346E-01 2.64292E-02 1.04334E+00-3.14935E-02 0.00000E+00  1
     7 9.02460E+00 4.08679E+01 6.60724E+00 2.36923E-01 9.77377E-01-1.48864E-01 3.41017E-02 1.11207E+00 2.14109E-02 0.00000E+00  1
     8 1.30246E+01 4.47324E+01 6.05225E+00 3.85251E-01 9.55753E-01-1.25998E-01 3.97783E-02 1.06831E+00 6.90788E-02 0.00000E+00  1
     9 1.66246E+01 4.81565E+01 5.65209E+00 5.38818E-01 9.48636E-01-9.44979E-02 4.57575E-02 9.54251E-01 8.90664E-02 0.00000E+00  1
    10 2.02246E+01 5.15885E+01 5.36202E+00 7.15762E-01 9.61396E-01-6.71642E-02 5.26630E-02 8.25619E-01 6.84325E-02 0.00000E+00  1
    11 2.34646E+01 5.47212E+01 5.16945E+00 8.87240E-01 9.72251E-01-5.33113E-02 5.20068E-02 7.42641E-01 4.91817E-02 0.00000E+00  1
    12 2.67046E+01 5.78838E+01 5.00988E+00 1.05658E+00 9.79314E-01-4.62454E-02 5.27409E-02 6.83295E-01 3.60242E-02 0.00000E+00  1
    13 2.99446E+01 6.10647E+01 4.86749E+00 1.22890E+00 9.83776E-01-4.21070E-02 5.36545E-02 6.40068E-01 2.75336E-02 0.00000E+00  1
    14 3.31846E+01 6.42571E+01 4.73588E+00 1.40429E+00 9.86655E-01-3.92164E-02 5.46099E-02 6.07239E-01 2.19910E-02 0.00000E+00  1
    15 3.81846E+01 6.91977E+01 4.54846E+00 1.68104E+00 9.89368E-01-3.58521E-02 5.60872E-02 5.69160E-01 1.67202E-02 0.00000E+00  1
    16 4.31846E+01 7.41487E+01 4.37617E+00 1.96518E+00 9.90950E-01-3.31075E-02 5.75770E-02 5.40327E-01 1.36066E-02 0.00000E+00  1
    17 4.81846E+01 7.91060E+01 4.21674E+00 2.25682E+00 9.91939E-01-3.06966E-02 5.90801E-02 5.16992E-01 1.16252E-02 0.00000E+00  1
    18 5.31846E+01 8.40675E+01 4.06884E+00 2.55601E+00 9.92590E-01-2.84890E-02 6.06005E-02 4.96919E-01 1.02816E-02 0.00000E+00  1
    19 5.81846E+01 8.90316E+01 3.93158E+00 2.86283E+00 9.93037E-01-2.64412E-02 6.21266E-02 4.79032E-01 9.31803E-03 0.00000E+00  1
    20 6.31846E+01 9.39976E+01 3.80421E+00 3.17729E+00 9.93356E-01-2.45306E-02 6.36615E-02 4.62647E-01 8.59005E-03 0.00000E+00  1
    21 6.81846E+01 9.89650E+01 3.68607E+00 3.49945E+00 9.93589E-01-2.27441E-02 6.52020E-02 4.47336E-01 8.01328E-03 0.00000E+00  1
    22 7.31846E+01 1.03933E+02 3.57657E+00 3.82931E+00 9.93763E-01-2.10731E-02 6.67419E-02 4.32832E-01 7.53658E-03 0.00000E+00  1
    23 7.81846E+01 1.08903E+02 3.47516E+00 4.16686E+00 9.93896E-01-1.95113E-02 6.82746E-02 4.18969E-01 7.12789E-03 0.00000E+00  1
    24 8.31846E+01 1.13872E+02 3.38129E+00 4.51204E+00 9.94000E-01-1.80533E-02 6.97931E-02 4.05641E-01 6.76669E-03 0.00000E+00  1
    25 8.81846E+01 1.18843E+02 3.29446E+00 4.86476E+00 9.94082E-01-1.66940E-02 7.12907E-02 3.92781E-01 6.43962E-03 0.00000E+00  1
    26 9.31846E+01 1.23813E+02 3.21419E+00 5.22490E+00 9.94148E-01-1.54286E-02 7.27611E-02 3.80349E-01 6.13791E-03 0.00000E+00  1
    27 9.81846E+01 1.28784E+02 3.14002E+00 5.59231E+00 9.94201E-01-1.42520E-02 7.41988E-02 3.68321E-01 5.85575E-03 0.00000E+00  1
    28 1.03185E+02 1.33755E+02 3.07153E+00 5.96682E+00 9.94245E-01-1.31597E-02 7.55988E-02 3.56682E-01 5.58930E-03 0.00000E+00  1
*eof
s08c1
     1 0.00000E+00 3.21000E+01 8.50000E+00 1.00000E-02 1.01805E+00-1.73276E-01 2.53186E-03 7.48925E-01-6.64499E-02 0.00000E+00  1
     2 2.46011E-02 3.21250E+01 8.49574E+00 1.00703E-02 1.01795E+00-1.72888E-01 3.18266E-03 7.50242E-01-6.61152E-02 0.00000E+00  1
     3 1.02460E+00 3.31435E+01 8.32581E+00 2.30015E-02 1.02140E+00-1.71569E-01 1.91866E-02 8.01390E-01-7.30579E-02 0.00000E+00  1
*eof
s09c1
     1 0.00000E+00 3.24000E+01 9.00000E+00 1.00000E-02 1.01562E+00-2.11852E-01-1.67723E-03 6.59835E-01-7.63613E-02 0.00000E+00  1
     2 2.45443E-02 3.24249E+01 8.99481E+00 9.96881E-03 1.01568E+00-2.10788E-01-8.63425E-04 6.61461E-01-7.60450E-02 0.00000E+00  1
     3 1.02454E+00 3.34421E+01 8.79470E+00 2.10828E-02 1.01872E+00-1.99350E-01 1.84447E-02 7.22163E-01-7.78757E-02 0.00000E+00  1
     4 2.02454E+00 3.44593E+01 8.59993E+00 4.15360E-02 1.01462E+00-1.90624E-01 1.89580E-02 7.81103E-01-6.61583E-02 0.00000E+00  1
     5 3.02454E+00 3.54716E+01 8.41326E+00 6.12790E-02 1.00991E+00-1.82848E-01 2.07641E-02 8.32307E-01-5.37899E-02 0.00000E+00  1
     6 5.02454E+00 3.74813E+01 8.06044E+00 1.08167E-01 9.99534E-01-1.70665E-01 2.66810E-02 9.11335E-01-2.89073E-02 0.00000E+00  1
     7 7.02454E+00 3.94693E+01 7.72895E+00 1.66529E-01 9.88356E-01-1.61260E-01 3.14728E-02 9.60819E-01-3.84274E-03 0.00000E+00  1
     8 1.10245E+01 4.33807E+01 7.12782E+00 3.08900E-01 9.67729E-01-1.38448E-01 3.93166E-02 9.75870E-01 4.27865E-02 0.00000E+00  1
     9 1.50245E+01 4.72255E+01 6.63285E+00 4.80703E-01 9.56301E-01-1.07712E-01 4.65383E-02 8.97817E-01 7.17209E-02 0.00000E+00  1
    10 1.90245E+01 5.10576E+01 6.26098E+00 6.85441E-01 9.62885E-01-7.82879E-02 5.62655E-02 7.78994E-01 6.35576E-02 0.00000E+00  1
    11 2.30245E+01 5.49332E+01 5.98806E+00 9.14743E-01 9.74641E-01-6.10748E-02 5.53328E-02 6.90026E-01 4.32822E-02 0.00000E+00  1
    12 2.70245E+01 5.88489E+01 5.76350E+00 1.13507E+00 9.81553E-01-5.22869E-02 5.63438E-02 6.28755E-01 3.06447E-02 0.00000E+00  1
    13 3.10245E+01 6.27840E+01 5.56526E+00 1.36309E+00 9.85753E-01-4.70849E-02 5.75697E-02 5.85716E-01 2.27591E-02 0.00000E+00  1
    14 3.50245E+01 6.67326E+01 5.38455E+00 1.59584E+00 9.88342E-01-4.33661E-02 5.87915E-02 5.54026E-01 1.78435E-02 0.00000E+00  1
    15 3.90245E+01 7.06895E+01 5.21734E+00 1.83340E+00 9.90001E-01-4.03438E-02 5.99920E-02 5.29396E-01 1.46713E-02 0.00000E+00  1
    16 4.40245E+01 7.56431E+01 5.02393E+00 2.13706E+00 9.91330E-01-3.71245E-02 6.14625E-02 5.04841E-01 1.21083E-02 0.00000E+00  1
    17 4.90245E+01 8.06021E+01 4.84556E+00 2.44801E+00 9.92182E-01-3.42787E-02 6.29201E-02 4.84552E-01 1.04413E-02 0.00000E+00  1
    18 5.40245E+01 8.55645E+01 4.68074E+00 2.76624E+00 9.92753E-01-3.16895E-02 6.43667E-02 4.66881E-01 9.29374E-03 0.00000E+00  1
    19 5.90245E+01 9.05293E+01 4.52833E+00 3.09166E+00 9.93152E-01-2.93064E-02 6.58009E-02 4.50958E-01 8.46135E-03 0.00000E+00  1
    20 6.40245E+01 9.54959E+01 4.38738E+00 3.42424E+00 9.93438E-01-2.71006E-02 6.72316E-02 4.36234E-01 7.82629E-03 0.00000E+00  1
    21 6.90245E+01 1.00464E+02 4.25706E+00 3.76397E+00 9.93650E-01-2.50533E-02 6.86573E-02 4.22371E-01 7.31902E-03 0.00000E+00  1
    22 7.40245E+01 1.05432E+02 4.13661E+00 4.11080E+00 9.93809E-01-2.31512E-02 7.00745E-02 4.09159E-01 6.89674E-03 0.00000E+00  1
    23 7.90245E+01 1.10402E+02 4.02532E+00 4.46469E+00 9.93932E-01-2.13843E-02 7.14786E-02 3.96470E-01 6.53245E-03 0.00000E+00  1
    24 8.40245E+01 1.15372E+02 3.92255E+00 4.82556E+00 9.94028E-01-1.97439E-02 7.28647E-02 3.84224E-01 6.20876E-03 0.00000E+00  1
    25 8.90245E+01 1.20342E+02 3.82768E+00 5.19330E+00 9.94105E-01-1.82223E-02 7.42276E-02 3.72376E-01 5.91438E-03 0.00000E+00  1
    26 9.40245E+01 1.25313E+02 3.74014E+00 5.56779E+00 9.94166E-01-1.68124E-02 7.55623E-02 3.60896E-01 5.64186E-03 0.00000E+00  1
    27 9.90245E+01 1.30284E+02 3.65939E+00 5.94887E+00 9.94216E-01-1.55073E-02 7.68645E-02 3.49771E-01 5.38633E-03 0.00000E+00  1
    28 1.04025E+02 1.35255E+02 3.58491E+00 6.33637E+00 9.94257E-01-1.43006E-02 7.81303E-02 3.38991E-01 5.14457E-03 0.00000E+00  1
*eof
s10c1
     1 0.00000E+00 3.27000E+01 9.50000E+00 1.00000E-02 1.01671E+00-2.62102E-01 6.51769E-02 5.36908E-01-1.06646E-01 0.00000E+00  1
     2 2.43746E-02 3.27248E+01 9.49344E+00 1.15540E-02 1.01566E+00-2.76422E-01 6.23213E-02 5.39150E-01-1.11866E-01 0.00000E+00  1
*eof
s11c1
     1 0.00000E+00 3.30000E+01 1.00000E+01 1.00000E-02 1.01957E+00-4.34529E-01 1.01700E+00 2.89533E-01-1.26263E+00 0.00000E+00  1
     2 2.03839E-02 3.30208E+01 9.99075E+00 2.76118E-02 1.01887E+00-4.87385E-01 7.32923E-01 3.07595E-01-8.12818E-01 0.00000E+00  1
*eof
